0.6823518632481435,0.6823518632481435,0.6823518632481435
0.053821018802222675,0.053821018802222675,0.053821018802222675
0.22035987277261138,0.22035987277261138,0.22035987277261138
0.1843718106986697,0.1843718106986697,0.1843718106986697
0.17590590108503035,0.17590590108503035,0.17590590108503035
0.8120945066557737,0.8120945066557737,0.8120945066557737
0.9233449980270564,0.9233449980270564,0.9233449980270564
0.27657439779710624,0.27657439779710624,0.27657439779710624
0.8197545615930021,0.8197545615930021,0.8197545615930021
0.8898926931111859,0.8898926931111859,0.8898926931111859
0.5129704552295319,0.5129704552295319,0.5129704552295319
0.24496460106879647,0.24496460106879647,0.24496460106879647
0.8242415960974113,0.8242415960974113,0.8242415960974113
0.21376296337509548,0.21376296337509548,0.21376296337509548
0.7414670522347097,0.7414670522347097,0.7414670522347097
0.6299402045896808,0.6299402045896808,0.6299402045896808
0.927407258525167,0.927407258525167,0.927407258525167
0.23190818860641882,0.23190818860641882,0.23190818860641882
0.7991251286200829,0.7991251286200829,0.7991251286200829
0.5181650368527142,0.5181650368527142,0.5181650368527142
0.23155562481706748,0.23155562481706748,0.23155562481706748
0.16590399324074456,0.16590399324074456,0.16590399324074456
0.49778896849779386,0.49778896849779386,0.49778896849779386
0.5827246406153199,0.5827246406153199,0.5827246406153199
0.18433798742847973,0.18433798742847973,0.18433798742847973
0.014894916760232246,0.014894916760232246,0.014894916760232246
0.47113322889046083,0.47113322889046083,0.47113322889046083
0.7282433281832617,0.7282433281832617,0.7282433281832617
0.9186004917735433,0.9186004917735433,0.9186004917735433
0.625534005735464,0.625534005735464,0.625534005735464
0.9171225725476023,0.9171225725476023,0.9171225725476023
0.8646902510937748,0.8646902510937748,0.8646902510937748
0.21814287324998793,0.21814287324998793,0.21814287324998793
0.8661274307382429,0.8661274307382429,0.8661274307382429
0.7307519363712538,0.7307519363712538,0.7307519363712538
0.2778652902989278,0.2778652902989278,0.2778652902989278
0.7970435531834645,0.7970435531834645,0.7970435531834645
0.8652217128437365,0.8652217128437365,0.8652217128437365
0.29943789563745726,0.29943789563745726,0.29943789563745726
0.527042084030297,0.527042084030297,0.527042084030297
0.0714868066233969,0.0714868066233969,0.0714868066233969
0.583238410151058,0.583238410151058,0.583238410151058
0.23790639962961757,0.23790639962961757,0.23790639962961757
0.7649636461036484,0.7649636461036484,0.7649636461036484
0.17363163617540256,0.17363163617540256,0.17363163617540256
0.3127422562507669,0.3127422562507669,0.3127422562507669
0.01447447679006697,0.01447447679006697,0.01447447679006697
0.032551921606589374,0.032551921606589374,0.032551921606589374
0.4967018417953405,0.4967018417953405,0.4967018417953405
0.46831253442657617,0.46831253442657617,0.46831253442657617
0.12769032289247773,0.12769032289247773,0.12769032289247773
0.2575625049095238,0.2575625049095238,0.2575625049095238
0.0031811092933116125,0.0031811092933116125,0.0031811092933116125
0.3810677478158191,0.3810677478158191,0.3810677478158191
0.5758730840369666,0.5758730840369666,0.5758730840369666
0.42729877128295013,0.42729877128295013,0.42729877128295013
0.8351023473085695,0.8351023473085695,0.8351023473085695
0.6164912514101898,0.6164912514101898,0.6164912514101898
0.2660839120112748,0.2660839120112748,0.2660839120112748
0.8110221113180831,0.8110221113180831,0.8110221113180831
0.49948675030301726,0.49948675030301726,0.49948675030301726
0.7588103210038678,0.7588103210038678,0.7588103210038678
0.5660890863267188,0.5660890863267188,0.5660890863267188
0.43744036155725907,0.43744036155725907,0.43744036155725907
0.3961544444174234,0.3961544444174234,0.3961544444174234
0.022235287919878832,0.022235287919878832,0.022235287919878832
0.4693507881679626,0.4693507881679626,0.4693507881679626
0.6235584021581057,0.6235584021581057,0.6235584021581057
0.9461134210107419,0.9461134210107419,0.9461134210107419
0.4353260801654868,0.4353260801654868,0.4353260801654868
0.48564140307999715,0.48564140307999715,0.48564140307999715
0.5191151439794955,0.5191151439794955,0.5191151439794955
0.4085909799921159,0.4085909799921159,0.4085909799921159
0.5787957188512473,0.5787957188512473,0.5787957188512473
0.0703506732757253,0.0703506732757253,0.0703506732757253
0.48838383120322393,0.48838383120322393,0.48838383120322393
0.6101448283017323,0.6101448283017323,0.6101448283017323
0.7438791073196565,0.7438791073196565,0.7438791073196565
0.4298303204342466,0.4298303204342466,0.4298303204342466
0.3028021327223843,0.3028021327223843,0.3028021327223843
0.005890033317469734,0.005890033317469734,0.005890033317469734
0.7564789701459572,0.7564789701459572,0.7564789701459572
0.07757597019857643,0.07757597019857643,0.07757597019857643
0.48998803765891374,0.48998803765891374,0.48998803765891374
0.30436109678245626,0.30436109678245626,0.30436109678245626
0.840822162176361,0.840822162176361,0.840822162176361
0.9504758622500841,0.9504758622500841,0.9504758622500841
0.3188745787343831,0.3188745787343831,0.3188745787343831
0.8977682889262575,0.8977682889262575,0.8977682889262575
0.3375290506103422,0.3375290506103422,0.3375290506103422
0.8121121105135765,0.8121121105135765,0.8121121105135765
0.798843598059114,0.798843598059114,0.798843598059114
0.655285177011079,0.655285177011079,0.655285177011079
0.22870345477560539,0.22870345477560539,0.22870345477560539
0.1376744647422684,0.1376744647422684,0.1376744647422684
0.4243711389270113,0.4243711389270113,0.4243711389270113
0.15153875301930686,0.15153875301930686,0.15153875301930686
0.8732729487880516,0.8732729487880516,0.8732729487880516
0.1791267574878015,0.1791267574878015,0.1791267574878015
0.03029466161232719,0.03029466161232719,0.03029466161232719
,0.5592496771336655,0.5592496771336655
,0.4288062533520195,0.4288062533520195
,0.8585974215593541,0.8585974215593541
,0.1608313755289944,0.1608313755289944
,0.3603536993918074,0.3603536993918074
,0.6405099368325804,0.6405099368325804
,0.9310793496117601,0.9310793496117601
,0.2618010220904331,0.2618010220904331
,0.688098413581847,0.688098413581847
,0.14905265235536258,0.14905265235536258
,0.7401549734210763,0.7401549734210763
,0.2931812830210596,0.2931812830210596
,0.24374510457040732,0.24374510457040732
,0.22982143784491704,0.22982143784491704
,0.37065116516756513,0.37065116516756513
,0.3285550874811475,0.3285550874811475
,0.612641671818151,0.612641671818151
,0.544715400191636,0.544715400191636
,0.7496431048909087,0.7496431048909087
,0.2949542854260402,0.2949542854260402
,0.9605537283750304,0.9605537283750304
,0.5434827586001058,0.5434827586001058
,0.6794241484095175,0.6794241484095175
,0.6882592484926856,0.6882592484926856
,0.15229779274933497,0.15229779274933497
,0.1450244515513366,0.1450244515513366
,0.4620438220497799,0.4620438220497799
,0.5219335334143763,0.5219335334143763
,0.2720447531611885,0.2720447531611885
,0.18012094694405645,0.18012094694405645
,0.5039210871922305,0.5039210871922305
,0.6596383484086951,0.6596383484086951
,0.2287544534222673,0.2287544534222673
,0.21841823086373402,0.21841823086373402
,0.9548990589630153,0.9548990589630153
,0.7248929341642392,0.7248929341642392
,0.03433684825864802,0.03433684825864802
,0.9816170341916325,0.9816170341916325
,0.008496166291888652,0.008496166291888652
,0.264961881651291,0.264961881651291
,0.9173241515346026,0.9173241515346026
,0.08038771638980302,0.08038771638980302
,0.8547157042203279,0.8547157042203279
,0.14467739737136331,0.14467739737136331
,0.1792410777291673,0.1792410777291673
,0.7846734732992243,0.7846734732992243
,0.8954240566120945,0.8954240566120945
,0.4607343260722975,0.4607343260722975
,0.038483682202220315,0.038483682202220315
,0.315305260212538,0.315305260212538
,0.015293249692412747,0.015293249692412747
,0.3491736851311015,0.3491736851311015
,0.6593100188869683,0.6593100188869683
,0.2652161321933526,0.2652161321933526
,0.6520188384409447,0.6520188384409447
,0.927480196623524,0.927480196623524
,0.4661387585844342,0.4661387585844342
,0.207109560665533,0.207109560665533
,0.9227142446397777,0.9227142446397777
,0.9458566109425985,0.9458566109425985
,0.13490565391898546,0.13490565391898546
,0.899638533768082,0.899638533768082
,0.29214916683841075,0.29214916683841075
,0.12817544322024588,0.12817544322024588
,0.11807669023324896,0.11807669023324896
,0.7594500770851804,0.7594500770851804
,0.08844251441884021,0.08844251441884021
,0.7631517436063376,0.7631517436063376
,0.23961855398618837,0.23961855398618837
,0.41878378992292054,0.41878378992292054
,0.14301770571006822,0.14301770571006822
,0.6526697971224407,0.6526697971224407
,0.45778592685433384,0.45778592685433384
,0.39383015133772536,0.39383015133772536
,0.8046731375182149,0.8046731375182149
,0.4590151104137825,0.4590151104137825
,0.6915683373154117,0.6915683373154117
,0.7819890770932393,0.7819890770932393
,0.6148812582415617,0.6148812582415617
,0.9613908947704324,0.9613908947704324
,0.5508780474216609,0.5508780474216609
,0.2190125272710094,0.2190125272710094
,0.5418798429336826,0.5418798429336826
,0.2445569808332082,0.2445569808332082
,0.08332701721054103,0.08332701721054103
,0.7563620917434525,0.7563620917434525
,0.2644975485011142,0.2644975485011142
,0.31364043704198863,0.31364043704198863
,0.9883428581168391,0.9883428581168391
,0.4005578315951853,0.4005578315951853
,0.4413120958266811,0.4413120958266811
,0.9205987299377911,0.9205987299377911
,0.7900663782805138,0.7900663782805138
,0.8594820876566842,0.8594820876566842
,0.46835671393280287,0.46835671393280287
,0.21250357372802697,0.21250357372802697
,0.06563881650091807,0.06563881650091807
,0.07981401907614538,0.07981401907614538
,0.13698955302268856,0.13698955302268856
,0.2693489241692695,0.2693489241692695
,0.7773739503357915,0.7773739503357915
,0.22952600879601082,0.22952600879601082
,0.42179358147023716,0.42179358147023716
,0.45813653497423934,0.45813653497423934
,0.3096859921393007,0.3096859921393007
,0.17701090267324482,0.17701090267324482
,0.26803078737654296,0.26803078737654296
,0.8523543812200487,0.8523543812200487
,0.9940722747136872,0.9940722747136872
,0.37067424536418403,0.37067424536418403
,0.4617509087635645,0.4617509087635645
,0.3349885536626943,0.3349885536626943
,0.365438704999995,0.365438704999995
,0.6871734944748366,0.6871734944748366
,0.7353263140408638,0.7353263140408638
,0.31703758931027015,0.31703758931027015
,0.14502008590556337,0.14502008590556337
,0.7075260026204575,0.7075260026204575
,0.4393909973658948,0.4393909973658948
,0.9162952755756362,0.9162952755756362
,0.4093341091239465,0.4093341091239465
,0.027715006986816282,0.027715006986816282
,0.7261386398251467,0.7261386398251467
,0.9857818902804856,0.9857818902804856
,0.466361826868266,0.466361826868266
,0.9526493888205666,0.9526493888205666
,0.1625897083716603,0.1625897083716603
,0.21285968804768796,0.21285968804768796
,0.3415120417790759,0.3415120417790759
,0.40594603604514023,0.40594603604514023
,0.8994581883687817,0.8994581883687817
,0.9725097699578843,0.9725097699578843
,0.5102122295752031,0.5102122295752031
,0.6967442773545168,0.6967442773545168
,0.6276189745918591,0.6276189745918591
,0.86053275438247,0.86053275438247
,0.10778152827822474,0.10778152827822474
,0.5616748288061666,0.5616748288061666
,0.8083294068333273,0.8083294068333273
,0.7742271169746721,0.7742271169746721
,0.7674619528407322,0.7674619528407322
,0.9812000347782621,0.9812000347782621
,0.028303815862615767,0.028303815862615767
,0.10609773749426321,0.10609773749426321
,0.15332923005332866,0.15332923005332866
,0.5808818138248113,0.5808818138248113
,0.4308372828129181,0.4308372828129181
,0.0641294099119154,0.0641294099119154
,0.27918312310674454,0.27918312310674454
,0.39076025434548123,0.39076025434548123
,0.5058712192205799,0.5058712192205799
,0.7557388921100048,0.7557388921100048
,0.4890237028132606,0.4890237028132606
,0.8257275903360136,0.8257275903360136
,0.5404681404333453,0.5404681404333453
,0.3571832017291673,0.3571832017291673
,0.8059774808825552,0.8059774808825552
,0.18637854668239007,0.18637854668239007
,0.8892890317862305,0.8892890317862305
,0.6734137074911248,0.6734137074911248
,0.9533772520242428,0.9533772520242428
,0.20984299580513865,0.20984299580513865
,0.23274570407113881,0.23274570407113881
,0.45655877774004805,0.45655877774004805
,0.14875581198638166,0.14875581198638166
,0.039726614827229945,0.039726614827229945
,0.3519081111417387,0.3519081111417387
,0.7510734369691354,0.7510734369691354
,0.888985033882593,0.888985033882593
,0.23333096941692721,0.23333096941692721
,0.9443036912570076,0.9443036912570076
,0.07923824523619538,0.07923824523619538
,0.07829149437451088,0.07829149437451088
,0.7053805876830577,0.7053805876830577
,0.06780284545936743,0.06780284545936743
,0.97064739394908,0.97064739394908
,0.2742098102770134,0.2742098102770134
,0.1287238146425671,0.1287238146425671
,0.7684544648647603,0.7684544648647603
,0.42245086152709577,0.42245086152709577
,0.9000753856410707,0.9000753856410707
,0.4924585406024934,0.4924585406024934
,0.007983628051630443,0.007983628051630443
,0.1633431231982223,0.1633431231982223
,0.09938551658397532,0.09938551658397532
,0.18134949354047325,0.18134949354047325
,0.2705681695558776,0.2705681695558776
,0.07537843382160803,0.07537843382160803
,0.8789254011293394,0.8789254011293394
,0.6732928058429036,0.6732928058429036
,0.4439773314234915,0.4439773314234915
,0.8987133153005883,0.8987133153005883
,0.6116677463354853,0.6116677463354853
,0.6817217814246878,0.6817217814246878
,0.712645561692944,0.712645561692944
,0.43946398841090883,0.43946398841090883
,0.2931642398516797,0.2931642398516797
,0.8867585788837333,0.8867585788837333
,0.3690863473257484,0.3690863473257484
,0.4367942151994606,0.4367942151994606
,0.27627345151702676,0.27627345151702676
,0.5536445948514624,0.5536445948514624
,0.5381429651211307,0.5381429651211307
,0.4317337854400448,0.4317337854400448
,0.35327854669547065,0.35327854669547065
,0.5417430778690593,0.5417430778690593
,0.3820579418598419,0.3820579418598419
,0.7790989892058833,0.7790989892058833
,0.15341221008930184,0.15341221008930184
,0.7204617867892014,0.7204617867892014
,0.20866801059040074,0.20866801059040074
,0.9320248002175388,0.9320248002175388
,0.38499171256599496,0.38499171256599496
,0.3237801486725401,0.3237801486725401
,0.9009763288814493,0.9009763288814493
,0.047376092986677554,0.047376092986677554
,0.9776349231993772,0.9776349231993772
,0.9286869840739013,0.9286869840739013
,0.6646286502478985,0.6646286502478985
,0.5696008192631461,0.5696008192631461
,0.5243528480687175,0.5243528480687175
,0.08341643447803848,0.08341643447803848
,0.09078213126212875,0.09078213126212875
,0.690645119074367,0.690645119074367
,0.9579676773919394,0.9579676773919394
,0.5102492737149281,0.5102492737149281
,0.001018448952592288,0.001018448952592288
,0.8288419279559865,0.8288419279559865
,0.8305270921698618,0.8305270921698618
,0.33651189015453664,0.33651189015453664
,0.6798186313833213,0.6798186313833213
,0.1415836491612389,0.1415836491612389
,0.16323797806488038,0.16323797806488038
,0.7114325374368309,0.7114325374368309
,0.5099272367155975,0.5099272367155975
,0.5889256030155958,0.5889256030155958
,0.5237058491879261,0.5237058491879261
,0.9404676230463569,0.9404676230463569
,0.7886921796431963,0.7886921796431963
,0.8991233742848852,0.8991233742848852
,0.29161358071680554,0.29161358071680554
,0.9796106189973346,0.9796106189973346
,0.8187777607233667,0.8187777607233667
,0.0995662196191377,0.0995662196191377
,0.08710693909735323,0.08710693909735323
,0.191521037828563,0.191521037828563
,0.33637464021865227,0.33637464021865227
,0.21943773521598675,0.21943773521598675
,0.05184014532010617,0.05184014532010617
,0.445013129522686,0.445013129522686
,0.2625118600079751,0.2625118600079751
,0.46266993532462164,0.46266993532462164
,0.7834874750850793,0.7834874750850793
,0.3217726720814701,0.3217726720814701
,0.04030298846398894,0.04030298846398894
,0.8345379732781285,0.8345379732781285
,0.4903185066083805,0.4903185066083805
,0.24414885847219925,0.24414885847219925
,0.9282573140479662,0.9282573140479662
,0.7351950525268409,0.7351950525268409
,0.4217039642523941,0.4217039642523941
,0.3471237346531858,0.3471237346531858
,0.07105178877187901,0.07105178877187901
,0.2856523041763941,0.2856523041763941
,0.715829431073748,0.715829431073748
,0.07563487471892605,0.07563487471892605
,0.37647794947190805,0.37647794947190805
,0.5915715429880999,0.5915715429880999
,0.7399565238522507,0.7399565238522507
,0.7428225106274645,0.7428225106274645
,0.29260787716664083,0.29260787716664083
,0.3292423950753638,0.3292423950753638
,0.15734840025888575,0.15734840025888575
,0.7292878411686189,0.7292878411686189
,0.26546956331116933,0.26546956331116933
,0.4804233411922939,0.4804233411922939
,0.8997258404288033,0.8997258404288033
,0.006428962427966867,0.006428962427966867
,0.8566934606484041,0.8566934606484041
,0.7398488388029072,0.7398488388029072
,0.6451523812328146,0.6451523812328146
,0.40707724222647423,0.40707724222647423
,0.6240184281878183,0.6240184281878183
,0.9485968867324944,0.9485968867324944
,0.09528279320153743,0.09528279320153743
,0.06777194497796213,0.06777194497796213
,0.3404970353659298,0.3404970353659298
,0.10305655653162893,0.10305655653162893
,0.917756634185609,0.917756634185609
,0.7873782141389531,0.7873782141389531
,0.15841830669254398,0.15841830669254398
,0.37362691494257405,0.37362691494257405
,0.41539129172490763,0.41539129172490763
,0.9544229082290356,0.9544229082290356
,0.32921975312279117,0.32921975312279117
,0.48020852095008126,0.48020852095008126
,0.5289621755732503,0.5289621755732503
,0.7818032736154936,0.7818032736154936
,0.8680446475444018,0.8680446475444018
,0.6707745056407588,0.6707745056407588
,0.3633292183189243,0.3633292183189243
,0.2290460030505268,0.2290460030505268
,0.39807554513852694,0.39807554513852694
,0.5758377311197559,0.5758377311197559
,0.7669221121585733,0.7669221121585733
,0.9594970137013482,0.9594970137013482
,0.8734023591504038,0.8734023591504038
,0.7877758406029501,0.7877758406029501
,0.9006597574203058,0.9006597574203058
,0.6960503345241251,0.6960503345241251
,0.9454902281416743,0.9454902281416743
,0.5135484707440701,0.5135484707440701
,0.09107569340545674,0.09107569340545674
,0.7295218935128372,0.7295218935128372
,0.9484778746100923,0.9484778746100923
,0.031040271198661817,0.031040271198661817
,0.6220927951295409,0.6220927951295409
,0.30476850708837433,0.30476850708837433
,0.40418247096110616,0.40418247096110616
,0.9180988257860895,0.9180988257860895
,0.3343895199942184,0.3343895199942184
,0.6258129670602035,0.6258129670602035
,0.4233987487406442,0.4233987487406442
,0.9268321294051507,0.9268321294051507
,0.3686761596512682,0.3686761596512682
,0.09937957518848883,0.09937957518848883
,0.4189987280619154,0.4189987280619154
,0.4051190623511127,0.4051190623511127
,0.8853788220182806,0.8853788220182806
,0.33141435375774453,0.33141435375774453
,0.2940044438788434,0.2940044438788434
,0.4070314809551949,0.4070314809551949
,0.691009738359985,0.691009738359985
,0.4223132490134096,0.4223132490134096
,0.5220530887626694,0.5220530887626694
,0.7102176112624442,0.7102176112624442
,0.026798036781844226,0.026798036781844226
,0.133159233521559,0.133159233521559
,0.7251154761353057,0.7251154761353057
,0.9071754697152594,0.9071754697152594
,0.867027161533514,0.867027161533514
,0.7072027496078097,0.7072027496078097
,0.98185465965433,0.98185465965433
,0.852905505436942,0.852905505436942
,0.6937526639235005,0.6937526639235005
,0.6401216961816405,0.6401216961816405
,0.8531316264516609,0.8531316264516609
,0.8801561650068955,0.8801561650068955
,0.27403798244452593,0.27403798244452593
,0.854019135250721,0.854019135250721
,0.5882068026622195,0.5882068026622195
,0.00018637977726865262,0.00018637977726865262
,0.19709941751743165,0.19709941751743165
,0.7795981633842086,0.7795981633842086
,0.34219049713676886,0.34219049713676886
,0.8430609600748807,0.8430609600748807
,0.6026725228970353,0.6026725228970353
,0.9866549369453799,0.9866549369453799
,0.7638542324884258,0.7638542324884258
,0.09304442775181909,0.09304442775181909
,0.8377878905341124,0.8377878905341124
,0.66391215588076,0.66391215588076
,0.22012275483278165,0.22012275483278165
,0.5168044128381893,0.5168044128381893
,0.16035179004418298,0.16035179004418298
,0.37304607653640265,0.37304607653640265
,0.7447884790389477,0.7447884790389477
,0.4533663968243672,0.4533663968243672
,0.6614581176783114,0.6614581176783114
,0.8993451438870558,0.8993451438870558
,0.701525088920433,0.701525088920433
,0.09205669988298382,0.09205669988298382
,0.4124734595298575,0.4124734595298575
,0.3161328337183429,0.3161328337183429
,0.478451996224438,0.478451996224438
,0.8968478394381787,0.8968478394381787
,0.3429003146933627,0.3429003146933627
,0.7414297840959234,0.7414297840959234
,0.4682766630238485,0.4682766630238485
,0.8377186138144473,0.8377186138144473
,0.2357003855317874,0.2357003855317874
,0.5234556158436297,0.5234556158436297
,0.6318117418696196,0.6318117418696196
,0.3766997260836483,0.3766997260836483
,0.563502650675973,0.563502650675973
,0.2967386366539668,0.2967386366539668
,0.9874257701149561,0.9874257701149561
,0.6872606951516868,0.6872606951516868
,0.6294600530131269,0.6294600530131269
,0.9345475244174081,0.9345475244174081
,0.44067299998700116,0.44067299998700116
,0.9812693513952258,0.9812693513952258
,0.09001396314899779,0.09001396314899779
,0.9882115274240592,0.9882115274240592
,0.7196920865964845,0.7196920865964845
,0.5799398809832561,0.5799398809832561
,0.3564865379519051,0.3564865379519051
,0.20308668778158356,0.20308668778158356
,0.9825578749179765,0.9825578749179765
,0.2352216728612212,0.2352216728612212
,0.8801076839452461,0.8801076839452461
,0.057047429456204335,0.057047429456204335
,0.8012643142397435,0.8012643142397435
,0.8695844935103954,0.8695844935103954
,0.24491242649410572,0.24491242649410572
,0.976953176313059,0.976953176313059
,0.37183109430206107,0.37183109430206107
,0.15835589071805567,0.15835589071805567
,0.4194901566123571,0.4194901566123571
,0.9723256404630568,0.9723256404630568
,0.11349122888159169,0.11349122888159169
,0.6929722893947526,0.6929722893947526
,0.1360920316685471,0.1360920316685471
,0.6852971523467589,0.6852971523467589
,0.15421993432296177,0.15421993432296177
,0.9437498227638849,0.9437498227638849
,0.9137111507157033,0.9137111507157033
,0.9844134064412808,0.9844134064412808
,0.8784155540507977,0.8784155540507977
,0.3859198899150751,0.3859198899150751
,0.4658026713447361,0.4658026713447361
,0.31389007195964524,0.31389007195964524
,0.49216601011275407,0.49216601011275407
,0.23790054741356614,0.23790054741356614
,0.960058749699207,0.960058749699207
,0.41785370593599813,0.41785370593599813
,0.33602102872318873,0.33602102872318873
,0.9352751322549354,0.9352751322549354
,0.3475308963278986,0.3475308963278986
,0.421498557346052,0.421498557346052
,0.6279284060140573,0.6279284060140573
,0.7305565510100164,0.7305565510100164
,0.4256678303024365,0.4256678303024365
,0.2222578757821837,0.2222578757821837
,0.6218941051703036,0.6218941051703036
,0.17013559811480072,0.17013559811480072
,0.618882848508257,0.618882848508257
,0.6425651719155465,0.6425651719155465
,0.6388950262974785,0.6388950262974785
,0.35198256422360086,0.35198256422360086
,0.3963208150963805,0.3963208150963805
,0.26501545428508577,0.26501545428508577
,0.7893675132741896,0.7893675132741896
,0.7162392010425251,0.7162392010425251
,0.6914375700387616,0.6914375700387616
,0.971314938875828,0.971314938875828
,0.8868182309268371,0.8868182309268371
,0.4291605374533246,0.4291605374533246
,0.7579048422543456,0.7579048422543456
,0.6440502837108731,0.6440502837108731
,0.5370303501248511,0.5370303501248511
,0.14004024928768066,0.14004024928768066
,0.49364864120585583,0.49364864120585583
,0.2169569625313953,0.2169569625313953
,0.8084581696972498,0.8084581696972498
,0.7392956630892809,0.7392956630892809
,0.1790912955336621,0.1790912955336621
,0.09032851981081891,0.09032851981081891
,0.10858639090732602,0.10858639090732602
,0.783586979321173,0.783586979321173
,0.9415160490722261,0.9415160490722261
,0.28972694949538513,0.28972694949538513
,0.10924498478974165,0.10924498478974165
,0.7077200880480975,0.7077200880480975
,0.5225966911134832,0.5225966911134832
,0.6056704673066574,0.6056704673066574
,0.5018214229649801,0.5018214229649801
,0.8097408394574408,0.8097408394574408
,0.5848969705486394,0.5848969705486394
,0.8022128478225897,0.8022128478225897
,0.6577594093792564,0.6577594093792564
,0.6849531790587575,0.6849531790587575
,0.7365806319823264,0.7365806319823264
,0.5781875846975846,0.5781875846975846
,0.35976100327238436,0.35976100327238436
,0.39626317374971665,0.39626317374971665
,0.0223260702649396,0.0223260702649396
,0.03717820898346447,0.03717820898346447
,0.4648206023417798,0.4648206023417798
,0.8019732187510352,0.8019732187510352
,0.7072264129568028,0.7072264129568028
,0.384889505129582,0.384889505129582
,0.4795296749989324,0.4795296749989324
,0.8381142149010226,0.8381142149010226
,0.787692872843627,0.787692872843627
,0.6102221848494652,0.6102221848494652
,0.8490630750418044,0.8490630750418044
,0.979207662731127,0.979207662731127
,0.6229663619543324,0.6229663619543324
,0.9698816487012293,0.9698816487012293
,0.07800905679960646,0.07800905679960646
,0.7758557756473874,0.7758557756473874
,0.09610480471616645,0.09610480471616645
,0.22169131787930596,0.22169131787930596
,0.33917008948179894,0.33917008948179894
,0.11670078863497746,0.11670078863497746
,0.7159628261720047,0.7159628261720047
,0.34943544589153164,0.34943544589153164
,0.16863312313360368,0.16863312313360368
,0.21474258951004277,0.21474258951004277
,0.024767290224716132,0.024767290224716132
,0.9605352046705006,0.9605352046705006
,0.951182092874845,0.951182092874845
,0.2544411477424151,0.2544411477424151
,0.699273568296089,0.699273568296089
,0.04643135938411902,0.04643135938411902
,0.34957146063052225,0.34957146063052225
,0.6762662167990189,0.6762662167990189
,0.2276766959250206,0.2276766959250206
,0.339148913948481,0.339148913948481
,0.13113639201285687,0.13113639201285687
,0.15131664225727703,0.15131664225727703
,0.006210177138976314,0.006210177138976314
,0.33863089969825233,0.33863089969825233
,0.4257390185911345,0.4257390185911345
,0.4225997505657413,0.4225997505657413
,0.2849165024192606,0.2849165024192606
,0.5317315833407205,0.5317315833407205
,0.025378181494573382,0.025378181494573382
,0.40577443530258317,0.40577443530258317
,0.6128984206267241,0.6128984206267241
,0.7640757265066167,0.7640757265066167
,0.9927272007553838,0.9927272007553838
,0.4393749251538629,0.4393749251538629
,0.9401886070610846,0.9401886070610846
,0.9163719944000809,0.9163719944000809
,0.13919084397740766,0.13919084397740766
,0.5008433126549156,0.5008433126549156
,0.22428069928752714,0.22428069928752714
,0.7930775125903752,0.7930775125903752
,0.7351680592926868,0.7351680592926868
,0.9734565585029734,0.9734565585029734
,0.05933422139883404,0.05933422139883404
,0.4330347473600905,0.4330347473600905
,0.3645317958437633,0.3645317958437633
,0.6556781045509218,0.6556781045509218
,0.5308211387936044,0.5308211387936044
,0.5701881543925087,0.5701881543925087
,0.1420424588762469,0.1420424588762469
,0.9411300377284276,0.9411300377284276
,0.3249817319963796,0.3249817319963796
,0.3932151050268473,0.3932151050268473
,0.22859693882830934,0.22859693882830934
,0.30336135304232137,0.30336135304232137
,0.3787447980612083,0.3787447980612083
,0.26060455652931513,0.26060455652931513
,0.45349854508089804,0.45349854508089804
,0.8330896395741935,0.8330896395741935
,0.8436661332896415,0.8436661332896415
,0.6123172026063619,0.6123172026063619
,0.5527094855553626,0.5527094855553626
,0.6022826755291508,0.6022826755291508
,0.5042387569339194,0.5042387569339194
,0.07100205755391276,0.07100205755391276
,0.1019959769755775,0.1019959769755775
,0.47866718699968724,0.47866718699968724
,0.07384184142565942,0.07384184142565942
,0.12971709763549455,0.12971709763549455
,0.6257722697540776,0.6257722697540776
,0.9455839445262246,0.9455839445262246
,0.03476297808609474,0.03476297808609474
,0.6023150439481678,0.6023150439481678
,0.4524894756868604,0.4524894756868604
,0.03950849899321007,0.03950849899321007
,0.7803720450410794,0.7803720450410794
,0.704680631191339,0.704680631191339
,0.9343381019132787,0.9343381019132787
,0.663940453230384,0.663940453230384
,0.7155044353604245,0.7155044353604245
,0.3601051967282657,0.3601051967282657
,0.579098518904115,0.579098518904115
,0.6204731302196683,0.6204731302196683
,0.11650553429959687,0.11650553429959687
,0.19921612354735807,0.19921612354735807
,0.23608605807620198,0.23608605807620198
,0.6098802413920599,0.6098802413920599
,0.5428846984794994,0.5428846984794994
,0.32274585848708737,0.32274585848708737
,0.7897894434480874,0.7897894434480874
,0.6918138517926404,0.6918138517926404
,0.1393154642683565,0.1393154642683565
,0.7898023019274316,0.7898023019274316
,0.30955322303588595,0.30955322303588595
,0.4661201867271846,0.4661201867271846
,0.1817487239876493,0.1817487239876493
,0.4032802554443289,0.4032802554443289
,0.22961535840785796,0.22961535840785796
,0.7333690328495415,0.7333690328495415
,0.5882464488003353,0.5882464488003353
,0.8814472617431421,0.8814472617431421
,0.15806019270469562,0.15806019270469562
,0.5746914828331363,0.5746914828331363
,0.47207522511484856,0.47207522511484856
,0.4761603683794857,0.4761603683794857
,0.7554458690808452,0.7554458690808452
,0.41467928244109076,0.41467928244109076
,0.6952712219390546,0.6952712219390546
,0.27871149895136904,0.27871149895136904
,0.12707595300696495,0.12707595300696495
,0.7928578771551779,0.7928578771551779
,0.5258564169349134,0.5258564169349134
,0.24775619950111194,0.24775619950111194
,0.4517942099264365,0.4517942099264365
,0.6326464924410657,0.6326464924410657
,0.24693535035619463,0.24693535035619463
,0.18062569720250998,0.18062569720250998
,0.9905707051900403,0.9905707051900403
,0.1844357442253316,0.1844357442253316
,0.33426511485999566,0.33426511485999566
,0.3983463506052106,0.3983463506052106
,0.8611596210247603,0.8611596210247603
,0.2782337969516888,0.2782337969516888
,0.2216182138959195,0.2216182138959195
,0.12668291270494014,0.12668291270494014
,0.7605946868494802,0.7605946868494802
,0.5651829513323412,0.5651829513323412
,0.0942787882602607,0.0942787882602607
,0.45494846595518446,0.45494846595518446
,0.9884450478413549,0.9884450478413549
,0.9230719336688262,0.9230719336688262
,0.5623838592322361,0.5623838592322361
,0.23518342021708738,0.23518342021708738
,0.5889791069870153,0.5889791069870153
,0.5127042973938164,0.5127042973938164
,0.9699801133441254,0.9699801133441254
,0.015040459846388021,0.015040459846388021
,0.3113464962631016,0.3113464962631016
,0.40314807423594745,0.40314807423594745
,0.7303094548780784,0.7303094548780784
,0.7491925514029791,0.7491925514029791
,0.7341955773355963,0.7341955773355963
,0.568886818102264,0.568886818102264
,0.5516822845204965,0.5516822845204965
,0.29025364954782873,0.29025364954782873
,0.8688648389303515,0.8688648389303515
,0.42687645628907533,0.42687645628907533
,0.3575369090839481,0.3575369090839481
,0.7951253150854473,0.7951253150854473
,0.724742587946297,0.724742587946297
,0.3185515344178419,0.3185515344178419
,0.023687986437980202,0.023687986437980202
,0.008383107184096183,0.008383107184096183
,0.8508259091847421,0.8508259091847421
,0.15104657971093083,0.15104657971093083
,0.6024455888827217,0.6024455888827217
,0.590731651934769,0.590731651934769
,0.2253536237287307,0.2253536237287307
,0.44558499190993195,0.44558499190993195
,0.41902303975879895,0.41902303975879895
,0.5027079366640965,0.5027079366640965
,0.8570221404469524,0.8570221404469524
,0.9159716235725127,0.9159716235725127
,0.08657004707491311,0.08657004707491311
,0.4290826988255637,0.4290826988255637
,0.29453693179370044,0.29453693179370044
,0.7878490726932408,0.7878490726932408
,0.3458478973685579,0.3458478973685579
,0.48510559804511677,0.48510559804511677
,0.706576725169341,0.706576725169341
,0.6352192712654757,0.6352192712654757
,0.7434359397139042,0.7434359397139042
,0.43092016754785456,0.43092016754785456
,0.5413231703596999,0.5413231703596999
,0.27214406999952034,0.27214406999952034
,0.7770950839012926,0.7770950839012926
,0.8662900488330995,0.8662900488330995
,0.30212949112448095,0.30212949112448095
,0.4977574802119501,0.4977574802119501
,0.10460544959958806,0.10460544959958806
,0.11172673979903813,0.11172673979903813
,0.14462874382897772,0.14462874382897772
,0.6299053555058162,0.6299053555058162
,0.7862640402802548,0.7862640402802548
,0.12919047360360536,0.12919047360360536
,0.9974358992292366,0.9974358992292366
,0.3538664675858223,0.3538664675858223
,0.8933446442766584,0.8933446442766584
,0.9996086239358561,0.9996086239358561
,0.8410594346903096,0.8410594346903096
,0.38035354758068907,0.38035354758068907
,0.024163437154863687,0.024163437154863687
,0.5079716685671707,0.5079716685671707
,0.4879433263264732,0.4879433263264732
,0.0035183411105553786,0.0035183411105553786
,0.8686523949270766,0.8686523949270766
,0.14618407151515755,0.14618407151515755
,0.6270053764005763,0.6270053764005763
,0.2625148824482929,0.2625148824482929
,0.41429258025980253,0.41429258025980253
,0.46988714271843035,0.46988714271843035
,0.5876636802023497,0.5876636802023497
,0.5195193520123688,0.5195193520123688
,0.36443927117430486,0.36443927117430486
,0.04046232057703125,0.04046232057703125
,0.12660459168563265,0.12660459168563265
,0.6239909753233204,0.6239909753233204
,0.606017769929972,0.606017769929972
,0.6682722167033863,0.6682722167033863
,0.08037702677821101,0.08037702677821101
,0.24979668895851326,0.24979668895851326
,0.23487036374406212,0.23487036374406212
,0.8146311484466948,0.8146311484466948
,0.759801547999314,0.759801547999314
,0.751641513908164,0.751641513908164
,0.9719028376782514,0.9719028376782514
,0.915851293738422,0.915851293738422
,0.6440749186502901,0.6440749186502901
,0.5088439456598535,0.5088439456598535
,0.8176540382941764,0.8176540382941764
,0.5496625950306532,0.5496625950306532
,0.7676187457094761,0.7676187457094761
,0.1801709761456618,0.1801709761456618
,0.5130056461160466,0.5130056461160466
,0.4836056040482136,0.4836056040482136
,0.4846506327611424,0.4846506327611424
,0.5195033000027809,0.5195033000027809
,0.6139903189719276,0.6139903189719276
,0.6054181277477203,0.6054181277477203
,0.9525856357237025,0.9525856357237025
,0.2195483805247611,0.2195483805247611
,0.14391748118407743,0.14391748118407743
,0.7294202342243166,0.7294202342243166
,0.24348009892904743,0.24348009892904743
,0.2805028888151937,0.2805028888151937
,0.179434111486927,0.179434111486927
,0.4775278098845357,0.4775278098845357
,0.4094915100962354,0.4094915100962354
,0.9751672079765892,0.9751672079765892
,0.6751841931516789,0.6751841931516789
,0.5848726187698668,0.5848726187698668
,0.5773428065536872,0.5773428065536872
,0.2850034052346061,0.2850034052346061
,0.8871847192223195,0.8871847192223195
,0.11635580104358578,0.11635580104358578
,0.7355548244432073,0.7355548244432073
,0.12401300361804313,0.12401300361804313
,0.4983903196733852,0.4983903196733852
,0.21639774380551524,0.21639774380551524
,0.5538227868239448,0.5538227868239448
,0.19626000467197113,0.19626000467197113
,0.5028689327221288,0.5028689327221288
,0.03110905634338401,0.03110905634338401
,0.24676870455027566,0.24676870455027566
,0.7353949087605642,0.7353949087605642
,0.5196896211417915,0.5196896211417915
,0.49513527487830167,0.49513527487830167
,0.6364885934906088,0.6364885934906088
,0.5252548217940418,0.5252548217940418
,0.263066968247338,0.263066968247338
,0.8899712799867525,0.8899712799867525
,0.3131617311781627,0.3131617311781627
,0.018230823676491537,0.018230823676491537
,0.18950251875783886,0.18950251875783886
,0.40907120564938115,0.40907120564938115
,0.009760640106015517,0.009760640106015517
,0.5457043106860575,0.5457043106860575
,0.9532761510227001,0.9532761510227001
,0.5597045049805284,0.5597045049805284
,0.2070671883739098,0.2070671883739098
,0.06417593320392634,0.06417593320392634
,0.5405707506271417,0.5405707506271417
,0.6854486538784307,0.6854486538784307
,0.6415592028401075,0.6415592028401075
,0.5674843821338328,0.5674843821338328
,0.36790167501843973,0.36790167501843973
,0.3883604059217176,0.3883604059217176
,0.8623964521401508,0.8623964521401508
,0.04833916071683342,0.04833916071683342
,0.2988264997611496,0.2988264997611496
,0.2872453657424813,0.2872453657424813
,0.9813796498006113,0.9813796498006113
,0.5017722646083043,0.5017722646083043
,0.1812158932807506,0.1812158932807506
,0.847957393667657,0.847957393667657
,0.3737465038138673,0.3737465038138673
,0.385041208666965,0.385041208666965
,0.337156609436029,0.337156609436029
,0.1502555577114848,0.1502555577114848
,0.4466270349623648,0.4466270349623648
,0.5492118158712642,0.5492118158712642
,0.4528366459078923,0.4528366459078923
,0.3813129478583004,0.3813129478583004
,0.22969432741943718,0.22969432741943718
,0.8587027759875595,0.8587027759875595
,0.8630318271083679,0.8630318271083679
,0.5627180345494318,0.5627180345494318
,0.7101656934162152,0.7101656934162152
,0.9109798737683431,0.9109798737683431
,0.160458305752477,0.160458305752477
,0.12735209850742235,0.12735209850742235
,0.19834159180230537,0.19834159180230537
,0.591370725305481,0.591370725305481
,0.07334278749757395,0.07334278749757395
,0.7338287159108007,0.7338287159108007
,0.04990278720084096,0.04990278720084096
,0.02565248136052456,0.02565248136052456
,0.9662956971131573,0.9662956971131573
,0.3532742482945792,0.3532742482945792
,0.5593869546417383,0.5593869546417383
,0.48291901697437,0.48291901697437
,0.6472040670411664,0.6472040670411664
,0.9421715784313566,0.9421715784313566
,0.5571089972041219,0.5571089972041219
,0.32265779051945387,0.32265779051945387
,0.04048443206055885,0.04048443206055885
,0.6448607113030066,0.6448607113030066
,0.4205186232203668,0.4205186232203668
,0.9553701155931659,0.9553701155931659
,0.5852037896279373,0.5852037896279373
,0.6340375526595301,0.6340375526595301
,0.6413874977217364,0.6413874977217364
,0.5429941149851587,0.5429941149851587
,0.38800315276892694,0.38800315276892694
,0.46101466729238916,0.46101466729238916
,0.6828689330681971,0.6828689330681971
,0.23884130441390916,0.23884130441390916
,0.18254035056976736,0.18254035056976736
,0.8992605125405375,0.8992605125405375
,0.6828117630512925,0.6828117630512925
,0.871299481153065,0.871299481153065
,0.367317126400839,0.367317126400839
,0.5758669817231182,0.5758669817231182
,0.6043025957202677,0.6043025957202677
,0.8946191874099154,0.8946191874099154
,0.8774322712110948,0.8774322712110948
,0.26026994644096324,0.26026994644096324
,0.9685623517038664,0.9685623517038664
,0.37223107745922157,0.37223107745922157
,0.6096695146842024,0.6096695146842024
,0.9932316096166146,0.9932316096166146
,0.407178708576617,0.407178708576617
,0.64187630558899,0.64187630558899
,0.9883050054336712,0.9883050054336712
,0.6292926606712307,0.6292926606712307
,0.6576189071268113,0.6576189071268113
,0.7881607045885605,0.7881607045885605
,0.787910290959199,0.787910290959199
,0.9480155242598125,0.9480155242598125
,0.648913074088275,0.648913074088275
,0.2510635032308165,0.2510635032308165
,0.061180150070931916,0.061180150070931916
,0.07971812188443383,0.07971812188443383
,0.962301017784889,0.962301017784889
,0.8233068275251362,0.8233068275251362
,0.5933765643242931,0.5933765643242931
,0.8999714862983479,0.8999714862983479
,0.870132480865728,0.870132480865728
,0.35957623442155295,0.35957623442155295
,0.8094519705004617,0.8094519705004617
,0.19905324923663592,0.19905324923663592
,0.9838380753394232,0.9838380753394232
,0.31611921959474787,0.31611921959474787
,0.2795906355929443,0.2795906355929443
,0.18231602993447105,0.18231602993447105
,0.5553446399046493,0.5553446399046493
,0.9013382254329616,0.9013382254329616
,0.5542741136776197,0.5542741136776197
,0.03898405044387976,0.03898405044387976
,0.05333969170423947,0.05333969170423947
,0.5182776686740855,0.5182776686740855
,0.8899439179946834,0.8899439179946834
,0.5833478327403112,0.5833478327403112
,0.7464268778696439,0.7464268778696439
,0.8367354421971538,0.8367354421971538
,0.13153180990130797,0.13153180990130797
,0.42895384133469794,0.42895384133469794
,0.003814652123225626,0.003814652123225626
,0.41883467169863353,0.41883467169863353
,0.8584560783662785,0.8584560783662785
,0.7874681046119889,0.7874681046119889
,0.33449922268052656,0.33449922268052656
,0.7128830365408712,0.7128830365408712
,0.7125391238357408,0.7125391238357408
,0.49142739131037527,0.49142739131037527
,0.10387039071599513,0.10387039071599513
,0.9261748979009541,0.9261748979009541
,0.5725804030211981,0.5725804030211981
,0.17840973841659213,0.17840973841659213
,0.673914908676416,0.673914908676416
,0.7710479118959231,0.7710479118959231
,0.1114499908847717,0.1114499908847717
,0.42498962758598047,0.42498962758598047
,0.949653829822483,0.949653829822483
,0.5873847060833463,0.5873847060833463
,0.7848268586630953,0.7848268586630953
,0.15145056318856398,0.15145056318856398
,0.2670890984394453,0.2670890984394453
,0.9631306961251427,0.9631306961251427
,0.08078667288064834,0.08078667288064834
,0.8941026771426798,0.8941026771426798
,0.06355930482384053,0.06355930482384053
,0.5944233347104138,0.5944233347104138
,0.013798996970389998,0.013798996970389998
,0.9023326773244243,0.9023326773244243
,0.5347064797448212,0.5347064797448212
,0.5373378992479149,0.5373378992479149
,0.388505422811946,0.388505422811946
,0.6972791695714008,0.6972791695714008
,0.6671399236666147,0.6671399236666147
,0.6016791139218094,0.6016791139218094
,,0.46151824112423434
,,0.18950668646906077
,,0.5795117597707705
,,0.9390468814436838
,,0.2990723494752354
,,0.46047637719477597
,,0.057565107572254415
,,0.08530217413403696
,,0.1994445605779377
,,0.6301639899054523
,,0.2724503141520853
,,0.9498162693179154
,,0.4162015029657469
,,0.6242199777042498
,,0.5655060171822027
,,0.4970161012525557
,,0.3996854054707646
,,0.4461417416099762
,,0.9960167834544222
,,0.09207600269298566
,,0.9661462354594641
,,0.25342838550910873
,,0.7980482894748845
,,0.23093474352534682
,,0.39143867475270044
,,0.7125247621305323
,,0.9244958761163935
,,0.43630410435605926
,,0.6096451087681025
,,0.34745505478681327
,,0.20944868074193623
,,0.940345823845736
,,0.9390485422820174
,,0.9760349368692701
,,0.9782219128365689
,,0.9029285082745886
,,0.5607020507465276
,,0.30919206678268585
,,0.3915784110816327
,,0.29262880439391503
,,0.31762690419783524
,,0.7663545411902011
,,0.9397792236953398
,,0.5699683273047643
,,0.7132530145606978
,,0.27408021972755225
,,0.8950218509680969
,,0.5305891712755514
,,0.6622505133687759
,,0.8640173609693331
,,0.3162340417702816
,,0.18810486153976325
,,0.5571433095732463
,,0.8175420807226095
,,0.8583122742484093
,,0.050159311461456246
,,0.7926098027528583
,,0.2752571578264499
,,0.10611689339005415
,,0.2968401926619948
,,0.12172254836728091
,,0.3734096468467152
,,0.4848552044110941
,,0.9228768492753827
,,0.8748945188522764
,,0.7522433478663801
,,0.09789582109093509
,,0.4502708491414812
,,0.33071273316405136
,,0.9779063119524872
,,0.9147762238022571
,,0.9138688792300609
,,0.8383845059764313
,,0.749295399594004
,,0.7107604664607323
,,0.5269383412412719
,,0.582278280260872
,,0.480260639375067
,,0.5059361639663262
,,0.1610460490569401
,,0.24322911581472006
,,0.2341711323556941
,,0.34093121740949983
,,0.46668064428411604
,,0.44330370273616804
,,0.9164741673297359
,,0.1640469552156315
,,0.4327784583304316
,,0.250382062285591
,,0.9693364275095684
,,0.5058688561639694
,,0.597572988025815
,,0.9610269879100999
,,0.6882174795668129
,,0.51213468965957
,,0.36497292308882934
,,0.7744414958703161
,,0.4089905264906467
,,0.7569589252380239
,,0.2005307544897994
,,0.023704673418252664
,,0.3148801318389246
,,0.7187776120821148
,,0.993411364423264
,,0.20454502177109934
,,0.8133934355697713
,,0.6023886756293246
,,0.47242449583781965
,,0.9155356404216154
,,0.5494677400347028
,,0.5536110784227115
,,0.037953932585559014
,,0.6235607043524986
,,0.7763001086265298
,,0.5834287291963086
,,0.8064692275520269
,,0.5886827906788459
,,0.7012206485221885
,,0.281851475832541
,,0.1520216010731904
,,0.5651560701034383
,,0.7327947045950236
,,0.548162881575888
,,0.17759912081456974
,,0.806796579078479
,,0.17602938236528276
,,0.4150692420840917
,,0.8610677411913402
,,0.20376768605030904
,,0.30337498661745865
,,0.9562817115780157
,,0.496929571229326
,,0.2631405652355393
,,0.005482145064726329
,,0.5072014061527349
,,0.8678102915888282
,,0.2556752586186878
,,0.6059777135679926
,,0.04754791482704912
,,0.0031196044369800058
,,0.5548405905775236
,,0.11058227344952076
,,0.9773217540229711
,,0.6447079226289605
,,0.4923297976571904
,,0.4384267595204173
,,0.09960396972920171
,,0.720558840629049
,,0.9665202592505351
,,0.5572186021506782
,,0.5667558435216218
,,0.20005537516468574
,,0.20162660459073034
,,0.019759382224255773
,,0.7087825448313452
,,0.7833187688219119
,,0.605374008346143
,,0.08840057328172846
,,0.09244948744625392
,,0.3376317180868015
,,0.6719740269821772
,,0.8110944646290715
,,0.6481300775647072
,,0.08565679450640995
,,0.41591914150432974
,,0.11322912694651543
,,0.3848159623645482
,,0.8984057961796569
,,0.8283337209619612
,,0.6319762624185022
,,0.21081919299196838
,,0.10201724223554975
,,0.8489203886560126
,,0.5025091100121046
,,0.08236747511746434
,,0.8781937868377023
,,0.5435961671787798
,,0.9362208937855289
,,0.03727185031085156
,,0.23390767050609096
,,0.3323177641201529
,,0.11664362551437579
,,0.17974147388502237
,,0.5503460344903813
,,0.31491403751040115
,,0.46629203082069204
,,0.11905010544292527
,,0.9673303791134632
,,0.5172097217481356
,,0.3294132573598325
,,0.5069399641724339
,,0.6774737605033462
,,0.43933518493616264
,,0.5366339681525092
,,0.5081190333961441
,,0.6609155529597036
,,0.28160293157286476
,,0.7674128141734365
,,0.4375842313958358
,,0.8532532951709803
,,0.36046666275915573
,,0.19914977690831726
,,0.27366327282051106
,,0.08360718588474281
,,0.6516745159812825
,,0.24005839037515664
,,0.3995617496830519
,,0.2943061505374277
,,0.25913163249102367
,,0.9210811464124935
,,0.9774577782645316
,,0.7594639057802471
,,0.9172358232828579
,,0.22473917326349435
,,0.00895179167582616
,,0.3326549634150182
,,0.18517806932049263
,,0.15656625688770154
,,0.9866490439257498
,,0.18305811754466694
,,0.3605049844394701
,,0.03474859316622114
,,0.7002670401120307
,,0.48779629773546307
,,0.12614353910268883
,,0.2688428535005183
,,0.05485784081279299
,,0.9767075849876242
,,0.30623843167309084
,,0.06291453691643167
,,0.871402212361314
,,0.5467264942055511
,,0.5703064339509508
,,0.383497302681314
,,0.6601742281106918
,,0.30353507064836804
,,0.5922211332344528
,,0.24831836035373633
,,0.4250805293962264
,,0.23892659321311582
,,0.9214663818738089
,,0.4869942281590137
,,0.5986007989369907
,,0.6029663152672757
,,0.8815153035959249
,,0.5019914977013571
,,0.9555798298340086
,,0.8030496746214135
,,0.8894823341685212
,,0.5862590399737823
,,0.298590936836192
,,0.1707010977003165
,,0.6764655974394981
,,0.046865980503324134
,,0.5817715648446582
,,0.4303853289636196
,,0.1949702698300836
,,0.8744908218754975
,,0.27604161841410446
,,0.11188633414869464
,,0.2736457811376968
,,0.45172967404847364
,,0.5649518920975061
,,0.9498775626122727
,,0.3574515324115718
,,0.8212381855730106
,,0.782852811748431
,,0.31507943661471727
,,0.6574081261149544
,,0.6750031299189245
,,0.19777743694062477
,,0.9333686746633757
,,0.06367171391721715
,,0.061806765207566894
,,0.5535871600306173
,,0.313264006016565
,,0.552835104952926
,,0.2965532256613379
,,0.8866665173905836
,,0.45450019877477654
,,0.11283803181979435
,,0.27308877016857647
,,0.16057962202391818
,,0.9888481266852689
,,0.76479787747658
,,0.2387552086578406
,,0.20651348918247348
,,0.7097474363910148
,,0.7836011409569325
,,0.4983215841880346
,,0.9226152382038311
,,0.43306635306103447
,,0.5966704893122922
,,0.0622017475226212
,,0.540068838878785
,,0.22892544928067016
,,0.12180022889689635
,,0.3620773047921053
,,0.596335034063397
,,0.845790418406505
,,0.33313097473537756
,,0.515639636643709
,,0.667838070700466
,,0.010768318331140003
,,0.5649921038447611
,,0.6032955610494453
,,0.12104844947558091
,,0.44578052473018404
,,0.44069888227354304
,,0.7456711823281285
,,0.31511467815104643
,,0.3635113422846894
,,0.06042098840998433
,,0.2469258546226355
,,0.6542179482283899
,,0.3153485680623417
,,0.593983769126636
,,0.3616226555145867
,,0.5895369166683453
,,0.6514204831178063
,,0.4051485599479373
,,0.8854725662200748
,,0.005941877638456772
,,0.12993113366128484
,,0.5546766685796783
,,0.15856541319684037
,,0.2977184206651584
,,0.23918383851007363
,,0.8131616322852687
,,0.25643217393854434
,,0.4554950819925987
,,0.8667733351261174
,,0.474161695023695
,,0.8798243876773043
,,0.6133889234829855
,,0.8056168615775731
,,0.389964153661013
,,0.5491240342064767
,,0.01885168337026799
,,0.6786488661650976
,,0.021135289342455232
,,0.7472674277905506
,,0.9931328648514368
,,0.9569196662313599
,,0.6289028252637424
,,0.7848269626969306
,,0.23141215515987534
,,0.4619153610811769
,,0.7401380685994196
,,0.13080977626864332
,,0.28982294987289914
,,0.17257776341465336
,,0.25851236988017945
,,0.1117391293889165
,,0.20550116998564805
,,0.6212249973870808
,,0.9573385122169734
,,0.5458065681427225
,,0.9253408879687638
,,0.3656862678675652
,,0.7116808904007935
,,0.3399970087169891
,,0.5117168916210825
,,0.148922035298915
,,0.76750381687373
,,0.2621911612524779
,,0.47017362150642383
,,0.9729295194533831
,,0.46957512214167874
,,0.9097331512568558
,,0.844748028491642
,,0.5022368102710887
,,0.13438138751911544
,,0.18512358519023786
,,0.42231758581104806
,,0.4365136434618655
,,0.7685566672191816
,,0.744617946426928
,,0.08070898910376145
,,0.36747692602363646
,,0.03924030750636487
,,0.22758105585447497
,,0.9559781988648512
,,0.26735527067231024
,,0.10934943018203813
,,0.6849345847298589
,,0.09571115359176563
,,0.9155479606946182
,,0.6266937498528031
,,0.6918148954046995
,,0.5529590590266598
,,0.36097046203824756
,,0.030373877131277482
,,0.28648005895017725
,,0.05990109073294303
,,0.7712188310570216
,,0.4300886318397448
,,0.6749771031258444
,,0.8350815321855566
,,0.2956546311906796
,,0.8746167061836301
,,0.12496099096448143
,,0.5269282861995784
,,0.7773953422271985
,,0.7398423145357546
,,0.6608141469184139
,,0.5651304124831055
,,0.22034804324789325
,,0.23845645314771458
,,0.009316574455801918
,,0.4482566538176228
,,0.2653528453342865
,,0.24081526943746745
,,0.6385301425444933
,,0.15685803438778223
,,0.23650498001127362
,,0.746484788108107
,,0.39702920752285553
,,0.7677969874480929
,,0.18049880017450215
,,0.382578022356701
,,0.6217536527617273
,,0.5820201566590537
,,0.29601933254765245
,,0.9924143215143097
,,0.38978815334141803
,,0.638642354862745
,,0.1669832931669496
,,0.17341519249554294
,,0.013739866980864046
,,0.23758066822535817
,,0.19963903614543344
,,0.7950879537169369
,,0.17766048797222145
,,0.3707208490853493
,,0.92633254300947
,,0.383092454473963
,,0.15789645920841688
,,0.8879862687396056
,,0.16272479540170137
,,0.943776004033446
,,0.9477705225696671
,,0.2085657392706094
,,0.2569077153978636
,,0.6806635578611216
,,0.34194626968584607
,,0.13499419162422743
,,0.4947890234071036
,,0.005667436434774298
,,0.245165622459795
,,0.6190232883404945
,,0.9755939199868545
,,0.05924613381884691
,,0.09090042049080782
,,0.46324380220544437
,,0.8223873499150987
,,0.1709180906333927
,,0.5751009839672544
,,0.3351403689201159
,,0.4687059688315194
,,0.14715120239171509
,,0.8472539847219213
,,0.419769574290616
,,0.02683946359746514
,,0.6123539140668068
,,0.2575182999124018
,,0.7603073386293892
,,0.011814981232239563
,,0.41634204704460553
,,0.6396082528616799
,,0.322392740121875
,,0.3744201549381879
,,0.3901349370418594
,,0.6812392238431615
,,0.9294784221050946
,,0.9290487385276663
,,0.22019710881830357
,,0.5480008278761074
,,0.44728093889436593
,,0.2260529683518676
,,0.6741152804776651
,,0.8495718630557055
,,0.6926806837907815
,,0.24191785041054992
,,0.8638662000607984
,,0.7373566807605352
,,0.3914725794265753
,,0.6119470713716906
,,0.7227431427691126
,,0.729350342458969
,,0.3820945375176046
,,0.11326813026281057
,,0.6616893902926869
,,0.5489653986940991
,,0.5786096006158137
,,0.8282968767221782
,,0.8661481828272258
,,0.6061831597735342
,,0.7439078615742718
,,0.6840411393389348
,,0.504629593412616
,,0.5856944920577463
,,0.5446135178054962
,,0.5047093170445172
,,0.36770386143349143
,,0.7066768883762607
,,0.0814875765281915
,,0.4584175799473138
,,0.5449960003584815
,,0.8401033245495677
,,0.40901915117345133
,,0.4542580641283015
,,0.5015545032184449
,,0.8822741625312189
,,0.6987919583192139
,,0.494292772929973
,,0.2709748542393505
,,0.980345041003591
,,0.37774530873707535
,,0.3542254569380361
,,0.35794610888583334
,,0.1635222130540981
,,0.5044342211597456
,,0.15716915296590794
,,0.2629022423465698
,,0.7540808314637268
,,0.14266222185786115
,,0.048919885668567864
,,0.8969566756077662
,,0.16602818309695344
,,0.10574449491540505
,,0.5772621223612227
,,0.49533346827055325
,,0.2692215385825901
,,0.07506290427670226
,,0.8006412255257361
,,0.6378759574882744
,,0.14459093207671925
,,0.2894037199282953
,,0.829014255802693
,,0.9062325113453511
,,0.5349882195307916
,,0.1883773524895619
,,0.014036073759545187
,,0.12188438658625755
,,0.8536484930928471
,,0.7394544447674267
,,0.2557098826230294
,,0.49652675816645586
,,0.14167550062248713
,,0.1108812883202206
,,0.022700358080448235
,,0.5069557370075674
,,0.7123209474915189
,,0.06135235584210852
,,0.4057805696931891
,,0.5753561588598937
,,0.4275702513977415
,,0.039173166270916826
,,0.3591251176914183
,,0.6075308547708068
,,0.20998049252208173
,,0.6375778080467711
,,0.46797795864813363
,,0.6679368732371476
,,0.5159256752277878
,,0.017244353170343785
,,0.9908998121465669
,,0.6637254338377654
,,0.02659766114203088
,,0.3294012928926342
,,0.20377264267518203
,,0.5253210809519478
,,0.5217740289907791
,,0.3617566614266049
,,0.7014338726300222
,,0.8606619793121506
,,0.28349060624823474
,,0.0975994670774839
,,0.9976368793712914
,,0.8394024211659398
,,0.2891224339459211
,,0.6013703999614264
,,0.07782742653119368
,,0.9588404836328027
,,0.2953089354271192
,,0.27341479969487703
,,0.21514591230154068
,,0.23260725408588478
,,0.8995411303284154
,,0.2618196811104294
,,0.4299016115845682
,,0.5093320526151263
,,0.7767600736576549
,,0.966727605574338
,,0.903271662397866
,,0.5215772869199926
,,0.7018968982251391
,,0.24853104191524844
,,0.5483290256143752
,,0.18979572711003345
,,0.11627827296093896
,,0.07704987805926933
,,0.7981095209003054
,,0.3074316506124726
,,0.9336568122870299
,,0.7094771068313357
,,0.6033519987351654
,,0.34252981919308767
,,0.3897997506417754
,,0.8140447652399799
,,0.5486474950172624
,,0.6789558526934079
,,0.5278753518384458
,,0.9225240524909852
,,0.4646686246763062
,,0.777288260221481
,,0.6638613432675909
,,0.7568308051653143
,,0.38751011760923904
,,0.33921487189552113
,,0.40952130190296054
,,0.04990214708225971
,,0.06710940388342557
,,0.871835441933466
,,0.7144798029671046
,,0.8715006359569746
,,0.4708838369796928
,,0.338454678366237
,,0.19329874802121294
,,0.009080531176802631
,,0.011984957043926214
,,0.8252132412179976
,,0.03457324249037952
,,0.12506189523886624
,,0.9670708672744623
,,0.09525766382739931
,,0.11307458631014544
,,0.8660172140971674
,,0.8567384678708972
,,0.6341602524091277
,,0.5218173104843052
,,0.02373269905805364
,,0.04457990538802259
,,0.1174345276129567
,,0.8404085905149917
,,0.5557457829562789
,,0.7560247384937882
,,0.6230636337429547
,,0.22693667334650636
,,0.6025861732034634
,,0.0799224607880239
,,0.27558148350670497
,,0.7363582313194922
,,0.31676062300759833
,,0.3886390569710567
,,0.3143007123777155
,,0.7051664139386948
,,0.9962093350998934
,,0.8133635573517978
,,0.030041044940517292
,,0.3440265494788689
,,0.682195589664621
,,0.47758443084691704
,,0.10880825626983182
,,0.92927078396196
,,0.11684315292327119
,,0.6110757065574878
,,0.9449478296129168
,,0.216341973457029
,,0.13811131338653815
,,0.23194125933114762
,,0.7932965344868901
,,0.7846605079291687
,,0.9622207761063681
,,0.9780387140002486
,,0.25662299025668767
,,0.2528827481432524
,,0.8587288840051531
,,0.24790801340932378
,,0.825546762487794
,,0.5734830178707833
,,0.5189590543088476
,,0.8547672987330371
,,0.5676348809175598
,,0.7720123757242551
,,0.8453915914018952
,,0.25378766240558037
,,0.9268917307311835
,,0.4023005389112908
,,0.40490695296239687
,,0.8965537543875589
,,0.4039179829198152
,,0.24626452895069995
,,0.6633591812040337
,,0.797039743474302
,,0.12187203820268888
,,0.02470782049061071
,,0.34402200995012544
,,0.6146892135452775
,,0.24626897324692332
,,0.11618306036123593
,,0.05925938177512424
,,0.936196850800222
,,0.18086263739366915
,,0.1560360628733074
,,0.3282454701774111
,,0.6250563959139529
,,0.9600571054325925
,,0.9804541374269645
,,0.7386156587328592
,,0.6386470602597166
,,0.4215200233967442
,,0.6410297463046847
,,0.1553983593851075
,,0.13809081954049085
,,0.44167635645979963
,,0.20931696531179744
,,0.13927460436532368
,,0.6205971189280401
,,0.2931027392807444
,,0.4770862742759513
,,0.49419888100746934
,,0.18124430955969284
,,0.0004664193397629912
,,0.220412011836011
,,0.46546629700343745
,,0.386666607923844
,,0.6609466655440531
,,0.7131744752282277
,,0.9100547444806589
,,0.2582063487556875
,,0.8467184545767054
,,0.4404107516659713
,,0.18145194531562558
,,0.5647169264483839
,,0.6014467495517072
,,0.1065983456098839
,,0.3371860559925829
,,0.4109340868296214
,,0.30020933494663593
,,0.6953397694237742
,,0.13798117743636884
,,0.4698067873435148
,,0.008221032136779938
,,0.2932506600914072
,,0.9724038530605028
,,0.09107754600711349
,,0.7683914924158858
,,0.47117534603488875
,,0.24047388621856103
,,0.6398441139554808
,,0.7718006588303447
,,0.14140167222772726
,,0.8539591689957613
,,0.24755681405470686
,,0.7749398402200407
,,0.04450421696310147
,,0.27339811448421747
,,0.5542652455520546
,,0.8637589707826421
,,0.7742194108598027
,,0.41677382869715396
,,0.7251185375996441
,,0.5392901043891998
,,0.10871147416854055
,,0.08255838506222934
,,0.30635316575213334
,,0.3832195294009666
,,0.8608394511707782
,,0.6799768440253698
,,0.725867198828295
,,0.9854277789012211
,,0.04163779505819598
,,0.0528858097854209
,,0.037756287691708024
,,0.7361281744564026
,,0.9588131884947063
,,0.013505739029519237
,,0.39070315745944995
,,0.9189641283266887
,,0.23404738971037864
,,0.4814822194537086
,,0.45642466971445883
,,0.6743358392555721
,,0.7768229741161246
,,0.8243781927448938
,,0.7113274195625375
,,0.14761239260367998
,,0.011506695524948096
,,0.9903416380719707
,,0.8252346502460073
,,0.7491619611343745
,,0.8162256383327811
,,0.4603269964811315
,,0.2971244821511628
,,0.8546105179856084
,,0.5383534465363483
,,0.9616313495436773
,,0.20205320255074932
,,0.39874526373070596
,,0.8978690811518006
,,0.2175310123752917
,,0.7171906639404004
,,0.8428954004172072
,,0.509209174899022
,,0.277850834776059
,,0.7703851011944394
,,0.8988763787300016
,,0.022632973223527975
,,0.7014341066090137
,,0.48375186408147375
,,0.5784327368348419
,,0.8581703560420443
,,0.06294908914192565
,,0.13602540129249785
,,0.5237002950181209
,,0.4737061623031652
,,0.311395563866542
,,0.3403426083516543
,,0.38441462538833293
,,0.28787195952982114
,,0.25382467123063335
,,0.5819165073810233
,,0.5309112276770424
,,0.9354112487357416
,,0.002770902006466791
,,0.28771414974102927
,,0.2846699713263132
,,0.6691829964717267
,,0.517995845090729
,,0.8303573043484662
,,0.40803923701656275
,,0.6702097782124279
,,0.7094720331912913
,,0.9770395135134556
,,0.13069908335426061
,,0.7459939677236993
,,0.06476103541959499
,,0.6189523934177211
,,0.10726991922568752
,,0.061854761380270795
,,0.6147453885463127
,,0.8451250764780913
,,0.13789772166617698
,,0.7494695979448317
,,0.3099358716298054
,,0.15785577795669148
,,0.9145634533139348
,,0.4600900058240841
,,0.6868403794760338
,,0.6131672597539792
,,0.57195686820064
,,0.18448668218978548
,,0.41956744805894053
,,0.8014510991827031
,,0.25994330753590766
,,0.08237283835750242
,,0.6845334214765468
,,0.7525495542018255
,,0.8288403460408278
,,0.6176590296905297
,,0.2976003269155595
,,0.1739555909454762
,,0.3057560510194699
,,0.0020356904221713323
,,0.25481695169273644
,,0.48122953406365465
,,0.8346904526380567
,,0.2588262205962637
,,0.11186294509566075
,,0.3101774353958987
,,0.8086461906671197
,,0.9511283902737363
,,0.07564498719381296
,,0.7833869959519636
,,0.46059569368795206
,,0.45820119465362796
,,0.5102895069153477
,,0.7581017057744982
,,0.9164683985291573
,,0.12848244399456454
,,0.25858350574183175
,,0.696765118070001
,,0.005840257814150318
,,0.6922999012421163
,,0.4596167324983047
,,0.45052351827986903
,,0.7402151772438236
,,0.36202258167431134
,,0.13720897384366948
,,0.6517714463160506
,,0.78290452439558
,,0.9522348429702989
,,0.2898503149237137
,,0.6885956746296654
,,0.7699379314177612
,,0.45837834378023956
,,0.9387664736393028
,,0.7631794108700214
,,0.13688267018539324
,,0.5566526112263658
,,0.46469816686676124
,,0.24362192752208378
,,0.13492045255323215
,,0.5409791052274056
,,0.9168598430451161
,,0.7634492372252148
,,0.15185814399748054
,,0.84657670279581
,,0.22182333993956238
,,0.8168405780399042
,,0.9248554111092993
,,0.45573174485837487
,,0.7042880661738492
,,0.478152963966757
,,0.42537911695839614
,,0.47514688127644567
,,0.33664824000389304
,,0.36660502263850603
,,0.1884496423130041
,,0.6467315403918037
,,0.9754166681942342
,,0.16360501642826342
,,0.39071494703564946
,,0.28292682416536497
,,0.7730256054879573
,,0.36069822979704946
,,0.00432143099153004
,,0.3133471573437364
,,0.47590272031104996
,,0.15872027098673103
,,0.1737886108636867
,,0.145198501153038
,,0.8556734580519763
,,0.18538086680951082
,,0.5082370572291055
,,0.3551815714251684
,,0.9861550741103314
,,0.7149832274408296
,,0.4806249928629115
,,0.9086878830759891
,,0.24526575910859527
,,0.03944260282218104
,,0.2723352099986358
,,0.5455859419120702
,,0.9671698841856592
,,0.383255134179754
,,0.6227687921837808
,,0.5421781029813009
,,0.6897095364586513
,,0.45303626434167166
,,0.27495860301420805
,,0.5318879409837933
,,0.4071422839253136
,,0.03965661008302268
,,0.9523393969357797
,,0.9808924672156478
,,0.16170260958012617
,,0.916305525341219
,,0.8129079021445887
,,0.7822028157960796
,,0.691177192004074
,,0.6483279069942073
,,0.5891612412374204
,,0.20970871218335385
,,0.9870871510286116
,,0.8803558809796149
,,0.023970954150702606
,,0.9800541605565437
,,0.5586977310929035
,,0.7667116376944849
,,0.8395358154635639
,,0.27689951129737433
,,0.11279825005835253
,,0.5195257366417386
,,0.5503616117037724
,,0.2691848683506801
,,0.45588894802031044
,,0.11452474123329204
,,0.7974324545733551
,,0.9472973055503722
,,0.002100650066286569
,,0.3256316096851877
,,0.3939609179131097
,,0.1707725958118924
,,0.9780505497141279
,,0.22913093671136664
,,0.7560583742508271
,,0.3673505834127805
,,0.6929639710418235
,,0.08699161592072568
,,0.29335669883320337
,,0.665430208262488
,,0.18653904707849667
,,0.3983788600358412
,,0.9844402924390084
,,0.6013359188583819
,,0.10591526466703904
,,0.04359124143717741
,,0.3477174121751716
,,0.9451766022536694
,,0.9589387026793098
,,0.2294718980429319
,,0.49044923776135807
,,0.7510926443191291
,,0.9343224957059213
,,0.21542144364471139
,,0.4745627624684047
,,0.4914538946061242
,,0.9591885457490426
,,0.3825497749042224
,,0.3222341985133531
,,0.42071092820448686
,,0.2218296646057507
,,0.41361523705444325
,,0.7608210474645198
,,0.40864380652666144
,,0.09557166835988007
,,0.13514344466709693
,,0.5644778561505092
,,0.348924586028013
,,0.5991159152270809
,,0.14289070776096102
,,0.35260758067165343
,,0.9407958892959789
,,0.044171542350066484
,,0.7854688675880431
,,0.8420363386008639
,,0.5412752935643321
,,0.7853887277330895
,,0.6564341143672499
,,0.13234516309048105
,,0.5212582637074057
,,0.15465172834425822
,,0.06036922343870865
,,0.2309249168052222
,,0.5834111885287034
,,0.33112339381761
,,0.21504188628810772
,,0.3802617899489006
,,0.19226853221713636
,,0.15386099574571377
,,0.3683107447239886
,,0.02499038170340495
,,0.6943586964925936
,,0.6100872920542981
,,0.6654437440092741
,,0.759813847065529
,,0.24145669854259322
,,0.8310186481273398
,,0.3240696797795646
,,0.338892191214897
,,0.8010569067142032
,,0.7054144446090476
,,0.758326313793685
,,0.6393937501863061
,,0.37747579940778386
,,0.5341841806756997
,,0.5079202657718066
,,0.18124196365079903
,,0.744471905227674
,,0.6960727289717985
,,0.3847747547970203
,,0.9347992792682676
,,0.39078330716596155
,,0.14367583159586472
,,0.9963672267010311
,,0.7671851945799849
,,0.5791337522429897
,,0.6093928664099688
,,0.31220722984760063
,,0.5904859997188882
,,0.8791226041733204
,,0.22671443183281614
,,0.1622237474097118
,,0.7796933348052354
,,0.6815664837107825
,,0.20685014586561246
,,0.6740313762117459
,,0.7202746791988868
,,0.28145011890878047
,,0.30605466910539536
,,0.150616349266247
,,0.5577154873428078
,,0.648386561631155
,,0.5571571257922573
,,0.2775926384172951
,,0.4912705929989346
,,0.33137684147031243
,,0.3358773260319424
,,0.44216397643990146
,,0.41120512670847365
,,0.33116340246768405
,,0.4155196784402425
,,0.08354366914897549
,,0.21997407873780994
,,0.999853335169007
,,0.6303620708530436
,,0.4694896339818547
,,0.023645678428771633
,,0.1701815807573157
,,0.04111335233789193
,,0.2854554718553085
,,0.6430583593898401
,,0.5586115042881582
,,0.020281493262944372
,,0.6009504030709589
,,0.02204973798514198
,,0.1590038411619823
,,0.166783636184494
,,0.8597528959323222
,,0.20862471189553955
,,0.866065894386446
,,0.5810996277711236
,,0.6713287129794691
,,0.5511577011432998
,,0.6279465455852299
,,0.07443086339434446
,,0.4126712187863836
,,0.2622994467462213
,,0.7318634219718968
,,0.0756954495654143
,,0.7724284355539758
,,0.07423653783585216
,,0.36044741471709507
,,0.5161458092864973
,,0.9082814943110789
,,0.7717218691013166
,,0.04456467024387489
,,0.8418939787778794
,,0.7416200221610251
,,0.19879319828001796
,,0.6907831885949504
,,0.5801661748855932
,,0.4406567053253373
,,0.8294366554532682
,,0.27748442766966785
,,0.08659290661990104
,,0.9251408129321049
,,0.8854029755692663
,,0.8487783460146341
,,0.35614803122396055
,,0.7435181402719432
,,0.11278164944482738
,,0.9734389666234277
,,0.49251821364148907
,,0.7756785403165308
,,0.6596781623741614
,,0.2792024229362313
,,0.09128032233940131
,,0.6619698917180774
,,0.08503403411186838
,,0.4990219504655343
,,0.5167655433360578
,,0.1984120194713389
,,0.9926959134440347
,,0.8262529294123017
,,0.42076704058093106
,,0.9725749164735455
,,0.31848584242399536
,,0.9387824474977954
,,0.05830044689492331
,,0.6316747109945408
,,0.8061684515194667
,,0.13818463526699565
,,0.6531804179569561
,,0.2458382192722346
,,0.43524538978607463
,,0.5391289918589369
,,0.3471389743760507
,,0.682826000230674
,,0.12778317793160798
,,0.3868911217388422
,,0.3685509222702438
,,0.5126182338626134
,,0.34460946170252615
,,0.5712073787732119
,,0.9054250336132815
,,0.8331836692651562
,,0.8972270939825352
,,0.541646434997797
,,0.1100472839583907
,,0.7649422439310091
,,0.5166414745050215
,,0.5668386780086194
,,0.029176117393335477
,,0.62186362564966
,,0.14119451812396844
,,0.6734747815809672
,,0.21888490685409745
,,0.04404612815758335
,,0.16726652883395077
,,0.47888229016425965
,,0.3438501801155568
,,0.6036776610136225
,,0.35267176908091347
,,0.7794318302260751
,,0.755922333561869
,,0.5338272901014306
,,0.7210987416230363
,,0.5183538308719745
,,0.03978293707694347
,,0.08883626905848341
,,0.2341104292334314
,,0.9104446639051601
,,0.5955020925782444
,,0.4160942064850256
,,0.9320619095313967
,,0.06928356282187242
,,0.47269129779266494
,,0.21467863699317646
,,0.021200098206561213
,,0.04221119191289413
,,0.6303787094902171
,,0.5664468037794979
,,0.8839902538478427
,,0.4627252713777491
,,0.8492183426169155
,,0.7967876736268097
,,0.46340201323959374
,,0.5509928009050067
,,0.34345462694026263
,,0.7704777295149614
,,0.5911453986941086
,,0.6680219730413162
,,0.6529871208683591
,,0.3123497519420162
,,0.8323009262682026
,,0.7178609803644321
,,0.17965654415434706
,,0.6297372896540159
,,0.7202998707598601
,,0.2687116342225706
,,0.08356503870398246
,,0.004159008628222716
,,0.7380436704198214
,,0.8173404414884249
,,0.724241300361543
,,0.11316249328323469
,,0.6389614355648578
,,0.5381385328101403
,,0.8382306837317117
,,0.33966836795344457
,,0.007062793085055863
,,0.27882378552712495
,,0.8631819142261352
,,0.7482249321969798
,,0.5134245752653342
,,0.864117941523754
,,0.19577982437779284
,,0.48312332126767576
,,0.03897234575553332
,,0.5389399437334392
,,0.9093721696472039
,,0.21661860859577087
,,0.45021781555223794
,,0.33107325187024184
,,0.8381362939143298
,,0.6962741655271254
,,0.4822664280113248
,,0.13903675977810925
,,0.547551132335243
,,0.36883275682529126
,,0.32311244923849114
,,0.2530417506506174
,,0.22979272736883405
,,0.6201550218745348
,,0.5177531199878846
,,0.2995290183821008
,,0.8765728293475318
,,0.222759480657446
,,0.517147834723902
,,0.842642315159951
,,0.5773278149642151
,,0.9786086733540033
,,0.9905388514906907
,,0.07388893235989147
,,0.22510550829130116
,,0.333566927418364
,,0.3802072371576637
,,0.9986811127647488
,,0.264903650048703
,,0.2543523617886251
,,0.8223060374349719
,,0.7063400584913662
,,0.5037220331654522
,,0.9140331115261988
,,0.06382520133809733
,,0.7511381838206124
,,0.5141042224410163
,,0.06729005908691732
,,0.7975606846951735
,,0.914449709193493
,,0.06419952494716064
,,0.6674654860025604
,,0.11341387094103772
,,0.12709208303645514
,,0.5345328040923972
,,0.015024429592795041
,,0.08615645803528083
,,0.7002191619148803
,,0.37003447957235214
,,0.9472645696435292
,,0.6706082053561992
,,0.5601966181050294
,,0.21433852079682292
,,0.13337342170742283
,,0.6281127687021666
,,0.5158049971530083
,,0.9216687118027453
,,0.2904023044902473
,,0.6260031323708973
,,0.477718896458468
,,0.17616536043841413
,,0.9876505708631113
,,0.3700599723827058
,,0.2428383524769443
,,0.27427099502425667
,,0.6197850867956625
,,0.44514519961480237
,,0.8025240854749854
,,0.28781812793725914
,,0.46609065026307883
,,0.7314568537136856
,,0.07268326451064766
,,0.6344886603785148
,,0.17150831335888084
,,0.8430692430847828
,,0.3576823965586603
,,0.5611681941584613
,,0.42114214644815673
,,0.9732076694404317
,,0.5365844022515771
,,0.056449720644304424
,,0.5882140347016348
,,0.5442296570406429
,,0.5619425317213395
,,0.4696683357156446
,,0.768434151690164
,,0.0880009182442889
,,0.48853399427626254
,,0.6751238104938639
,,0.7129664302065868
,,0.15145303282616407
,,0.6447706133047029
,,0.3269684480201417
,,0.7984058979424632
,,0.1945667692911749
,,0.9853064019932913
,,0.7440611203765939
,,0.25460200943613376
,,0.6393462848409891
,,0.1959339653179849
,,0.4613752548851442
,,0.34358796488854404
,,0.6368652410449045
,,0.8327888978009353
,,0.20790097301389454
,,0.4322357915786873
,,0.382359618083876
,,0.8816297421565045
,,0.5001071883666005
,,0.27518659523346656
,,0.9976411712990323
,,0.40320879444708935
,,0.21396448204138963
,,0.8328841799603459
,,0.41904584888274454
,,0.5454900869993557
,,0.1591659081546749
,,0.3707728800681138
,,0.604866538627732
,,0.1785032556773145
,,0.6197894627151027
,,0.8530529701973727
,,0.38002312652347436
,,0.21100400319240886
,,0.04726048749250711
,,0.15458745607581115
,,0.7955989097440761
,,0.27725209214683444
,,0.09066758803309449
,,0.770707531369137
,,0.7755507536156605
,,0.39737116585227417
,,0.32122467145178046
,,0.025590221456015416
,,0.4767714326719785
,,0.047705886428702104
,,0.9908209892188361
,,0.2828310298330804
,,0.8702306637515206
,,0.7845105158989689
,,0.34757694836828257
,,0.8503301844753722
,,0.5284422066689667
,,0.8941320655249848
,,0.7947969504514691
,,0.21867345518170755
,,0.9214832254720905
,,0.34363256160325684
,,0.7091458145824016
,,0.2759708249592564
,,0.3526175973031451
,,0.01779051172714685
,,0.5331768689431351
,,0.2623297954316046
,,0.09335761658554376
,,0.027607037098763
,,0.27814543444349527
,,0.6791559372613846
,,0.8225403997505486
,,0.5795442711330072
,,0.21481796654810204
,,0.0017627735492558028
,,0.5702730691265467
,,0.4159925608086893
,,0.4498423214217584
,,0.8446704795099818
,,0.051848836995968095
,,0.15786605587745672
,,0.6193691619992641
,,0.0019072487898931234
,,0.48352288286424583
,,0.1206171494021736
,,0.7282024990358006
,,0.1365854555429612
,,0.8116137144666249
,,0.574006832880983
,,0.8964297600110586
,,0.1357999590558262
,,0.25419494472734616
,,0.5563470345975837
,,0.21161614284088193
,,0.4741242537973148
,,0.24971320184857604
,,0.41651975976156597
,,0.6709818422025619
,,0.5002187685606031
,,0.907408769417151
,,0.6652052146244136
,,0.3152573300155256
,,0.7519188399610136
,,0.28672310689738834
,,0.9766160924039735
,,0.08523639962258289
,,0.435687730378598
,,0.2799875031132282
,,0.6435185055382067
,,0.8368124502902581
,,0.9641797435970416
,,0.4273688803818394
,,0.620376325061763
,,0.9295837384990541
,,0.5387873452659482
,,0.12545647864919063
,,0.7893002077858998
,,0.9910941869168096
,,0.000802445117827677
,,0.5753530266753334
,,0.8045355389518594
,,0.6764453349714701
,,0.843397478813483
,,0.6827500697591272
,,0.2964196735325101
,,0.48032544936709154
,,0.8956735167179195
,,0.16467498543113868
,,0.0883703704804939
,,0.25322381271260885
,,0.7220229353080821
,,0.056112915028291965
,,0.7803605349537278
,,0.966840183751742
,,0.23774272395897278
,,0.8309095224911346
,,0.5637051246244604
,,0.25848409839086084
,,0.7255832190535259
,,0.29562237921518075
,,0.8636003468817516
,,0.45103074007690014
,,0.66176947761621
,,0.790167175095567
,,0.20510471205669445
,,0.04415056741965262
,,0.6116553914834604
,,0.41207323845117205
,,0.10441577853502981
,,0.22395215915273559
,,0.6305827237698043
,,0.5114105229724037
,,0.15044080157396944
,,0.4950352406105276
,,0.7816770774421556
,,0.8183065613660562
,,0.99166030411578
,,0.2813413934168141
,,0.3094599703581101
,,0.6075851128038506
,,0.14063497246779988
,,0.4802784682525755
,,0.27804633041880844
,,0.5479114146249793
,,0.810492946410907
,,0.6777409298069086
,,0.7813593498617736
,,0.4850769096899512
,,0.7601755035174553
,,0.7630385197022043
,,0.5062995400526146
,,0.34587283750898
,,0.38914368612500994
,,0.47121304550249743
,,0.6965849618705062
,,0.6020152994012119
,,0.7563715910292746
,,0.9848246875530628
,,0.58518014584135
,,0.9714737175363437
,,0.8588978141305914
,,0.7625780704248671
,,0.8158400998666018
,,0.07671326045226956
,,0.2239630992463706
,,0.7625712972038702
,,0.5993688378726522
,,0.20136087401608405
,,0.7519240913766323
,,0.4344555663177512
,,0.30254269919183563
,,0.9620789340628266
,,0.6724755781628255
,,0.17617075749374855
,,0.21789508301613603
,,0.7606217091921135
,,0.022047997363742522
,,0.8232632940875775
,,0.015300023307961874
,,0.43411104281756163
,,0.8578440453959789
,,0.430972743947023
,,0.43558542128341193
,,0.4492266496121732
,,0.2835520633898798
,,0.7365427693418198
,,0.2580963523291948
,,0.7689711375756151
,,0.9202764682694649
,,0.06415150106890133
,,0.012577477846817953
,,0.7494594418160753
,,0.7620140127175787
,,0.23415168205507442
,,0.3298067157721767
,,0.21379371874501552
,,0.16073710869259594
,,0.3097232271760635
,,0.07472718395342504
,,0.42456513225504
,,0.7662127471120099
,,0.6978810559706604
,,0.3313245104708812
,,0.3444553127196909
,,0.9098943282194684
,,0.6683877976247461
,,0.315329428152188
,,0.3286581778092609
,,0.0950523505705656
,,0.3937964808447738
,,0.12538194666595504
,,0.13116417448160367
,,0.09948526894578902
,,0.15857152123927043
,,0.33532771157154007
,,0.1342351673022708
,,0.4235598932606994
,,0.5194913685221799
,,0.5909781603428231
,,0.050277365268799
,,0.07745879680144296
,,0.42786976084433226
,,0.09766542258551658
,,0.06861494892411601
,,0.9975512789762037
,,0.30610694738588395
,,0.1571270038454191
,,0.7468410893539138
,,0.4557451245839881
,,0.9587424615747229
,,0.1519913743848802
,,0.18331512131830852
,,0.9029657817663187
,,0.9810476775023467
,,0.9561249335363557
,,0.9653273371030545
,,0.004480543899570644
,,0.7509415957938861
,,0.06870572556584087
,,0.4217026208434398
,,0.458574580658788
,,0.2783647569684108
,,0.6631968715218493
,,0.22511109830593767
,,0.5262291225095963
,,0.3492289911708427
,,0.6162249585779145
,,0.5629060717066032
,,0.13931419210005846
,,0.5722546043868824
,,0.16116394281474233
,,0.41582522853520965
,,0.6221062241634235
,,0.7966273718677838
,,0.7703143012574971
,,0.9002977298320082
,,0.6868067107225961
,,0.3074600943888244
,,0.4260957107049139
,,0.4263522700292455
,,0.3757864434747126
,,0.4459975066310109
,,0.7608153595627076
,,0.5237340949160272
,,0.9973386694834501
,,0.8654171485629162
,,0.5692099414637927
,,0.20369332473211432
,,0.3869502248059381
,,0.1408103452783791
,,0.22050878519566408
,,0.777950695796911
,,0.9261852188335072
,,0.7122907760682478
,,0.10333824234813471
,,0.5318701093576035
,,0.8713361005652766
,,0.18404857060331348
,,0.2483356367088393
,,0.9285221632673942
,,0.8112497502334761
,,0.816871287354723
,,0.5229051627369522
,,0.6023583166677452
,,0.8789091344322267
,,0.7137293984881578
,,0.3893908263850888
,,0.5482338645387584
,,0.9039252978295527
,,0.7074315582039798
,,0.5263046111338222
,,0.126405878691213
,,0.11868088624820106
,,0.05203490957405821
,,0.09362459770195897
,,0.3693984600625254
,,0.4509719054383641
,,0.09394538575927736
,,0.23056434681329896
,,0.4522382427110706
,,0.8583033238261665
,,0.741250502983833
,,0.9629527355150396
,,0.5670769817605705
,,0.30721457392799734
,,0.7826457064908109
,,0.6964468318954999
,,0.7043317992008198
,,0.5529664700424325
,,0.09858916041856147
,,0.24075666973355514
,,0.9575653829978152
,,0.15755642532715985
,,0.4551478079546607
,,0.0833658661005584
,,0.5500213928209255
,,0.46359399911572763
,,0.27136692875585733
,,0.44635176954223355
,,0.2299748724286379
,,0.236548399826791
,,0.9757319333256133
,,0.7984702671196025
,,0.22773872849941035
,,0.054791137407841695
,,0.16187115705868593
,,0.02806099830482811
,,0.18691974959661206
,,0.3088164791629373
,,0.7519796893838727
,,0.5712030831633421
,,0.08939804797841355
,,0.9282920344376966
,,0.72390088479712
,,0.5137871090606155
,,0.5765073342107351
,,0.6252964476007821
,,0.6054588587066267
,,0.8582731565922732
,,0.7045760537236447
,,0.6936204293733104
,,0.6574440308956976
,,0.717028636095438
,,0.21346541780120953
,,0.7550518928307828
,,0.43759444477655396
,,0.7133415865557747
,,0.9927001142398366
,,0.8958004406832974
,,0.8976225763914629
,,0.5073452535004886
,,0.11676684655201353
,,0.08673233465227492
,,0.9689414976164412
,,0.5878392870767093
,,0.5324055750018387
,,0.6671387256914612
,,0.44908650742909006
,,0.5720533026787381
,,0.7659601609439411
,,0.6654857019685585
,,0.19870822431634227
,,0.7419704685809441
,,0.8286609889888723
,,0.46137051334222845
,,0.42559368239284556
,,0.4828905807761641
,,0.2211242438936345
,,0.6135613371797763
,,0.9467741152679601
,,0.46198473102570803
,,0.5504452285872479
,,0.24664425475952734
,,0.5266914656604652
,,0.07636875872934612
,,0.5004396600157053
,,0.14308869790867929
,,0.09723364209904861
,,0.46515221113917227
,,0.9834753344407564
,,0.4285441718630616
,,0.06315215182015177
,,0.051311984702315794
,,0.8374110963617335
,,0.7634039728547228
,,0.7684291175496518
,,0.055067565319099954
,,0.9682515657998714
,,0.2448373051477749
,,0.5117825986649758
,,0.09733303165658391
,,0.04317965596632689
,,0.7909398685222533
,,0.12965520043590395
,,0.7261776195203868
,,0.023236332098118484
,,0.04149121701362868
,,0.5401194430798086
,,0.8379939349132385
,,0.9107223575060399
,,0.9948423350247616
,,0.04312989872389361
,,0.8960826821195718
,,0.9717876132824013
,,0.9711861266586064
,,0.8522899505464965
,,0.6838744058780428
,,0.19337811733972587
,,0.6592304654962325
,,0.5812888788118322
,,0.9700480625705133
,,0.7649182499497023
,,0.758648673704009
,,0.3446338430924043
,,0.19458570444581702
,,0.6857613002787798
,,0.7850260850828226
,,0.9315988598837395
,,0.8786438186682413
,,0.17298257560304298
,,0.2792746226201832
,,0.13080482934960702
,,0.3443454472786892
,,0.2617366448874384
,,0.7448384916015692
,,0.001828432477092523
,,0.12055097760128175
,,0.29180013138214544
,,0.9273017409777782
,,0.3214949129510811
,,0.5310661123279039
,,0.7671877667679879
,,0.4149013400252056
,,0.6934420506186906
,,0.8477823762950715
,,0.5988467980761996
,,0.14458633182873293
,,0.9226717937563385
,,0.48302673885943304
,,0.472441394444568
,,0.40531793036412356
,,0.19911361683138917
,,0.3136222018452437
,,0.7301111139244694
,,0.6448802967277297
,,0.018719967797991233
,,0.05056433942533567
,,0.015458714896924186
,,0.231064560963679
,,0.5194357041229046
,,0.6939709964835871
,,0.13618659846036862
,,0.975560717616404
,,0.05161367682183693
,,0.7964065489409816
,,0.8596697945167988
,,0.47589711291395975
,,0.7879056243071758
,,0.8737412947170771
,,0.9518821058606269
,,0.5977793951750476
,,0.3722402753275257
,,0.007303734095693182
,,0.9703349122862504
,,0.23079713345527697
,,0.7751298503867922
,,0.6233748064770526
,,0.9641416935922363
,,0.460251634929557
,,0.448959692526802
,,0.14577795723333054
,,0.169647187913041
,,0.9272797889989314
,,0.5275735951250364
,,0.0026572926080945525
,,0.5278935336589998
,,0.9195686197609435
,,0.739930751211977
,,0.4667268628858763
,,0.6173967366741844
,,0.920419113187044
,,0.32775925219413626
,,0.2652727513862454
,,0.66986560765563
,,0.17966167830900115
,,0.2613869571285906
,,0.5474146638764485
,,0.2370494008915237
,,0.16041941504795332
,,0.4457517930227096
,,0.06094112584036804
,,0.8787971482216412
,,0.7734463576707232
,,0.29183815650529055
,,0.4378803811782138
,,0.329498487757909
,,0.19844674650235272
,,0.15552812649679493
,,0.1838286937690896
,,0.09620921329477827
,,0.5410252294065501
,,0.21771905102736888
,,0.21846775779398775
,,0.8256061141178237
,,0.23707603433463809
,,0.15395255630871996
,,0.33471935957529675
,,0.9486637582259295
,,0.05434003495055628
,,0.01968315258582476
,,0.8587453149222781
,,0.873181981748601
,,0.2877780645748589
,,0.06420684345476191
,,0.34125926235481174
,,0.7745320351991393
,,0.5348889660080195
,,0.40641955391323203
,,0.8996393337041471
,,0.59652489567983
,,0.4824096697296938
,,0.7844975882103682
,,0.12015128008164777
,,0.17586741628060443
,,0.39464422449250924
,,0.3731909918981874
,,0.5418066094506799
,,0.9461038483300607
,,0.41913926051053885
,,0.004519858331837545
,,0.5965194889250801
,,0.1561943295752114
,,0.9083122547068101
,,0.5906100031326575
,,0.6252094563987662
,,0.6185942829589794
,,0.8388849045416945
,,0.1645584257029743
,,0.3983836664525139
,,0.4282657062188493
,,0.3133571927776394
,,0.00306564903380524
,,0.2679822252868346
,,0.612138590799005
,,0.4081660929615436
,,0.8240836074714967
,,0.7290174947868602
,,0.9752912606881293
,,0.5916714724744916
,,0.7581439141112856
,,0.1835615011678814
,,0.04803439520549235
,,0.24676102753975748
,,0.3352128000353177
,,0.06322889263350862
,,0.8251387202848305
,,0.23907079225515826
,,0.9753506685573112
,,0.47427155717904257
,,0.911925859487335
,,0.353481124036951
,,0.5884403987046068
,,0.5627814000525879
,,0.44700415575429564
,,0.6164226389189713
,,0.39294154042363216
,,0.13719108592856133
,,0.9935671876023956
,,0.11212290320939988
,,0.25302590578356166
,,0.07244731763219792
,,0.7012598878723227
,,0.5346292830089735
,,0.6811248453200025
,,0.8995819181634812
,,0.3650209768179946
,,0.4186003930430049
,,0.6573116309274144
,,0.4069312044151321
,,0.11819969790867357
,,0.9228470181372045
,,0.7082820573766778
,,0.27129287476633257
,,0.918249197852132
,,0.8485592008881202
,,0.16522770709138934
,,0.7149338599419932
,,0.6936407844765392
,,0.2893831087130575
,,0.4087723893497046
,,0.09548015651983077
,,0.9391851269371229
,,0.6917826904610345
,,0.4843929322236713
,,0.7353818074437087
,,0.8542647324376716
,,0.9785822676394114
,,0.9140397753279046
,,0.564512001695049
,,0.09569525545515367
,,0.6365702925590423
,,0.16385190905399605
,,0.5090484487708926
,,0.11463488459355842
,,0.5184281595789685
,,0.31478896439876136
,,0.12006407147621401
,,0.7153983703954935
,,0.4344894382528294
,,0.476921254087629
,,0.9421850856918519
,,0.13894027002734988
,,0.9634385214725899
,,0.4844288007906945
,,0.6190184988372992
,,0.24508012866356454
,,0.6614215937338341
,,0.41396833161385005
,,0.8124493242750523
,,0.48328803507805584
,,0.3008496355355099
,,0.5752152046983074
,,0.9614272963569599
,,0.9754807100930688
,,0.5109483611928299
,,0.3592211335171148
,,0.8968955884355606
,,0.44960561310070524
,,0.6918802714016379
,,0.753458401713378
,,0.06310441149684376
,,0.4075953665957206
,,0.27175531131118635
,,0.02202481981631288
,,0.03374740656435593
,,0.29263607116230206
,,0.4578601263702976
,,0.05669143638460328
,,0.8810308725190172
,,0.5215915336531598
,,0.5152158325222796
,,0.5599632034454722
,,0.20120151751822724
,,0.5650221554414476
,,0.8320195138829554
,,0.6717146711923605
,,0.02000752320868071
,,0.8249507347067913
,,0.5326283286732773
,,0.48105515443616387
,,0.5312497534670729
,,0.004958407675054066
,,0.11550950919020286
,,0.17271062326931585
,,0.5651246355655639
,,0.9511110273764953
,,0.6033703272072722
,,0.4987479888176971
,,0.02728533948908407
,,0.7407471857040455
,,0.8575580651082467
,,0.18561908381345305
,,0.6290433307127729
,,0.6353741375691998
,,0.9042149646011836
,,0.011614528848544747
,,0.404649265528215
,,0.5720801346919275
,,0.5380373544009514
,,0.3398377700578402
,,0.9197733219301577
,,0.763686423954271
,,0.1473163628492049
,,0.6164715065354742
,,0.40055956622241784
,,0.5923302181673068
,,0.5652522191133305
,,0.755523835198255
,,0.9023135103967967
,,0.609048776577667
,,0.5103989497992774
,,0.2888076214337214
,,0.8195255748492868
,,0.9772991033551021
,,0.32480024125634444
,,0.34583074658872526
,,0.2813880946407108
,,0.9847555522135866
,,0.11746157151476588
,,0.6751261422213
,,0.5758232495510334
,,0.7018287651987334
,,0.71931274569546
,,0.8004706989151205
,,0.7027058721897081
,,0.18542894046545844
,,0.8008876753590659
,,0.6165249998278164
,,0.9519355122978969
,,0.12732617522634937
,,0.3435231885511417
,,0.12554388954408013
,,0.7132419203117967
,,0.9491331483359781
,,0.023644645879154047
,,0.4647384114649352
,,0.7561006430317095
,,0.23373658992809343
,,0.2249100970714114
,,0.18893091414062668
,,0.16942777545257903
,,0.11331713331958393
,,0.7633195042766893
,,0.2855644012958596
,,0.4138348575288433
,,0.7131650605141954
,,0.564414878878575
,,0.7648761866907287
,,0.004057707058359172
,,0.29031148761952297
,,0.18310622762384166
,,0.016301171249248014
,,0.5489140950355199
,,0.00026430911570407556
,,0.9794665970285464
,,0.5131523590657043
,,0.13555923219349542
,,0.6776937842044592
,,0.716486688797933
,,0.4805669247790252
,,0.6674450653742044
,,0.3866627820302466
,,0.5861013006092873
,,0.7972003056342731
,,0.4157401232196992
,,0.3498498550964082
,,0.5249388606244815
,,0.8752951767375582
,,0.38171321852319184
,,0.3525916382963935
,,0.10097567853497946
,,0.05311794018459082
,,0.6383707622455305
,,0.8077879766713364
,,0.611185741482444
,,0.7080346944399991
,,0.4302292755067302
,,0.7606421476962321
,,0.5673825445127816
,,0.07039538103782728
,,0.16320952976607617
,,0.0903269824298032
,,0.05193464254204072
,,0.36247985078062794
,,0.3104636371959273
,,0.023997949527467255
,,0.3542648652210253
,,0.3573840601361816
,,0.684565321923083
,,0.051398866870874804
,,0.2828306230288391
,,0.911593391952233
,,0.32596235921008665
,,0.9137954447768573
,,0.3510041017468617
,,0.5682233980512893
,,0.3699934319773355
,,0.8162073459145757
,,0.6993051114041409
,,0.8519306079412795
,,0.006197045396984513
,,0.1949960068483384
,,0.4364894881271195
,,0.6656403599735696
,,0.6195260150795571
,,0.8798320489608767
,,0.7882418084514559
,,0.29352260804235897
,,0.63641579488174
,,0.7784651984472044
,,0.9281055359828366
,,0.9483919168594698
,,0.14418688767944088
,,0.5663398592966019
,,0.7280687945735416
,,0.3590547431831619
,,0.7641896971099285
,,0.974661427121792
,,0.6860231272869126
,,0.9336156647829706
,,0.8197940274194264
,,0.15434132884118146
,,0.3606608511680093
,,0.41919281680835807
,,0.1922322937120543
,,0.6737596420596654
,,0.9607939825571352
,,0.11283003892779042
,,0.8978248413368799
,,0.3688287724099991
,,0.4460026082580161
,,0.48818316281906804
,,0.9029978942681665
,,0.7216325603479531
,,0.07858574775185412
,,0.4055821395996564
,,0.8453344241538562
,,0.670097586649363
,,0.38748237313106837
,,0.8950533320840625
,,0.6369736844169182
,,0.1407907698326719
,,0.34463265025973344
,,0.5780684745046332
,,0.5147598101148064
,,0.6470164354752523
,,0.37383845501262125
,,0.4291846564927764
,,0.9603810893415097
,,0.5523534596348013
,,0.9402081802301716
,,0.7951648745209037
,,0.3846354692480979
,,0.5301333664618426
,,0.8264651848002857
,,0.9559693721957434
,,0.6033055394943722
,,0.9629089655982185
,,0.034432655939249934
,,0.31667624903149405
,,0.7036582096862233
,,0.0643840709641833
,,0.5928623524451203
,,0.3536236309277686
,,0.7066076324453625
,,0.004307989159689329
,,0.15345932179244604
,,0.939988718309121
,,0.19296191315268318
,,0.8682255192579266
,,0.16219567482113484
,,0.4276571975019291
,,0.1854819457715563
,,0.6632015026409406
,,0.8834544534999987
,,0.143047433433806
,,0.18764853667839831
,,0.04213524826950765
,,0.7319665844458533
,,0.3963305976480057
,,0.16642639923077018
,,0.7520089984451229
,,0.7335557633004932
,,0.23200487306216333
,,0.09874220720291704
,,0.028543466890034397
,,0.8425022355155467
,,0.06145300880510396
,,0.6526559077708947
,,0.9022125064469422
,,0.49356962535909243
,,0.49579338545571994
,,0.3582184573179352
,,0.27441223271085435
,,0.14467427618416662
,,0.5847276613759946
,,0.06761865881872686
,,0.0972272131942582
,,0.48955323579762633
,,0.11710172687881881
,,0.15052435221269522
,,0.9046723701774768
,,0.8944007210897709
,,0.46025487548096544
,,0.11170609586311886
,,0.042089641811855594
,,0.06297910638178339
,,0.32830950905127476
,,0.8430914849477863
,,0.346842266709668
,,0.0878774555538736
,,0.09847397943542946
,,0.5560625849768549
,,0.42112407073821
,,0.18016146460253912
,,0.8484322913657486
,,0.533049074921326
,,0.9914150578600971
,,0.28501397382224436
,,0.08746535397977617
,,0.46033979885854637
,,0.47268593823560523
,,0.3000516571455176
,,0.08283864101201988
,,0.42600943630700217
,,0.9391992405878494
,,0.5731555643450552
,,0.7151013065217491
,,0.5697145981591601
,,0.8966951239704708
,,0.4083406695751495
,,0.08206885862320545
,,0.5292660668406124
,,0.9218739605694529
,,0.7198802297871308
,,0.5876896310800818
,,0.2059019538549558
,,0.5248208608601345
,,0.016058870038791806
,,0.24997491798217608
,,0.6198720373500424
,,0.05213231486151959
,,0.8368307170534465
,,0.8676784819534552
,,0.034729938588440645
,,0.5909855824045005
,,0.48256375082585845
,,0.9014658306673059
,,0.5413822032126757
,,0.07106270519379054
,,0.033659132215326015
,,0.6170795071813561
,,0.633205419640173
,,0.6599152982204328
,,0.27446336596221754
,,0.821767534135596
,,0.27548483675448965
,,0.9887686635090952
,,0.7256176753189271
,,0.11231728845738986
,,0.0032634400881456083
,,0.3639641674169982
,,0.23174366746337205
,,0.4904176368582588
,,0.3421686991483469
,,0.5828735599110931
,,0.7871106300831702
,,0.3162795017020832
,,0.46429727170178947
,,0.03745872772602421
,,0.4531836736960545
,,0.3627138513434196
,,0.5484515044965471
,,0.038632703073997465
,,0.1830660880450592
,,0.3380740616327912
,,0.41567885530211035
,,0.09792463254989925
,,0.8899864645555619
,,0.49238320693403226
,,0.9521592930562389
,,0.1991729776765958
,,0.5339287850006539
,,0.43131730053943074
,,0.10476264100354249
,,0.7262603232523427
,,0.4437336465302184
,,0.83207425829094
,,0.5308391539904451
,,0.8459454908225331
,,0.8207172077792517
,,0.16323238091589698
,,0.34701230990399234
,,0.3832205627719718
,,0.6784506575394794
,,0.6702126874229238
,,0.2216128480031564
,,0.8836630165601064
,,0.40713553824608506
,,0.7223061461530136
,,0.9669931531836551
,,0.165523922237092
,,0.895309318978514
,,0.5335605571497596
,,0.636245972023915
,,0.3718486055014415
,,0.8827028921919382
,,0.9408796071850204
,,0.7028921339768616
,,0.15502728501748708
,,0.8103967098852694
,,0.4347617777723818
,,0.8819903350485714
,,0.5809799750548817
,,0.43425514567150725
,,0.8722051660507435
,,0.5253570037438502
,,0.18351538969938452
,,0.4501658249238283
,,0.8902582705262738
,,0.38250754195038983
,,0.7451365444093335
,,0.548198035913389
,,0.22515037970096774
,,0.9340060143428711
,,0.7370643828405739
,,0.4696515689148568
,,0.9917025458292636
,,0.9848785559305645
,,0.014898008735959145
,,0.6929322637415307
,,0.9719789593830329
,,0.2762845728437343
,,0.3707757988375219
,,0.38317500035275365
,,0.640882776622979
,,0.38128521419716055
,,0.7838549405988102
,,0.5542388307159227
,,0.16479181772179263
,,0.9514948493979748
,,0.5310152431436648
,,0.35024014796633207
,,0.5948042451418232
,,0.8912281834975843
,,0.7686620679208486
,,0.5210133372668126
,,0.45065310912646317
,,0.2677499734012774
,,0.7766902975919442
,,0.5589034008919674
,,0.6521258078102967
,,0.6952784432655168
,,0.8904025699204547
,,0.9112428932388134
,,0.5256322091111798
,,0.8017647051799481
,,0.03241789603321388
,,0.7989490861943248
,,0.3711988699303813
,,0.08776755830879102
,,0.3773475196584457
,,0.7087228116294382
,,0.7532471327352374
,,0.3196358243110813
,,0.2009849164902725
,,0.4102917257418017
,,0.7920468926486263
,,0.2040207922205438
,,0.3154209686347762
,,0.23169612816828966
,,0.024891657171115744
,,0.9485668589856614
,,0.2365124290512699
,,0.1383106829647166
,,0.6759978658433675
,,0.9444194469881553
,,0.47475381637058556
,,0.2695909548899571
,,0.04417685581370745
,,0.7498861218938164
,,0.15938951240654065
,,0.3049332610700046
,,0.27339315050093194
,,0.3642323953043105
,,0.4912584944902487
,,0.19957177201568388
,,0.1165213512166855
,,0.25054658322676415
,,0.4284342817189216
,,0.999192428086628
,,0.3827153849937063
,,0.8107170050459711
,,0.18225226849597387
,,0.1998677567471724
,,0.5714534658993526
,,0.1608391693772412
,,0.022392611902620096
,,0.6760462172733531
,,0.8210389341142997
,,0.014164662043969822
,,0.35683954591788003
,,0.4816130288999423
,,0.16521440096787432
,,0.13244629726720103
,,0.6998446518230163
,,0.9325093570070143
,,0.7070643596024414
,,0.33553053398523547
,,0.19768273654971935
,,0.44827565653260704
,,0.336255246400058
,,0.4186877975469082
,,0.6321790880865351
,,0.6194056911692539
,,0.2031074797625556
,,0.8895307215959606
,,0.1310517273020687
,,0.4544505916702045
,,0.39267644890649145
,,0.4947099843139807
,,0.021654115138182717
,,0.5470175739552908
,,0.5238789069723127
,,0.2516491599214451
,,0.47239440051857706
,,0.5632132212795108
,,0.8577830973272755
,,0.6427766585667037
,,0.34727418309194014
,,0.725321358070587
,,0.6657813668117597
,,0.7825951448030458
,,0.696451674174384
,,0.20857795068038198
,,0.2802044409925575
,,0.9111113587517224
,,0.06506721036842533
,,0.8291854250288557
,,0.683774909965351
,,0.9243638547479734
,,0.03541623681073314
,,0.31845729939047884
,,0.891914794447229
,,0.48576722034716113
,,0.16889472910413472
,,0.8359963832771532
,,0.41462475104116003
,,0.5835002140036709
,,0.11449024620284443
,,0.8068344007240335
,,0.21490722405407292
,,0.3622823997588883
,,0.28982238190949317
,,0.8919966888796944
,,0.41201253880332034
,,0.49991844607028657
,,0.9988315825095777
,,0.2926721671534085
,,0.8694723119396033
,,0.8862059396616615
,,0.9540601142254643
,,0.5009532362777837
,,0.5101967471709145
,,0.4052511507904838
,,0.46102581278168653
,,0.9867355049485776
,,0.1762245432979478
,,0.565597671817292
,,0.9867959725406755
,,0.4018320690418823
,,0.4261909473534742
,,0.5990058272502905
,,0.30383419484421725
,,0.48004984523261907
,,0.7040236080872644
,,0.4666673859634428
,,0.28301324541996786
,,0.7944536958115621
,,0.570148783633284
,,0.3836878514099141
,,0.25741734460311394
,,0.442700824051103
,,0.970342510152064
,,0.594779820882927
,,0.13513945265575034
,,0.05784267724535119
,,0.2804569197244414
,,0.27017873887732946
,,0.10614344066000658
,,0.6909385907556439
,,0.43765586823297586
,,0.8794525921989329
,,0.5756995395098232
,,0.8181605307642837
,,0.577604733255305
,,0.28810140132425577
,,0.22445040194648525
,,0.3830975799821349
,,0.6303289491822236
,,0.700093592850351
,,0.9120831145738508
,,0.09052669985295259
,,0.1622996507722292
,,0.8740258251199419
,,0.1279474825537521
,,0.32011024885140194
,,0.7715910931719128
,,0.0017515641062492149
,,0.8776898971567759
,,0.11438941239735212
,,0.7203117325137035
,,0.53935880115833
,,0.858194533422046
,,0.36816167381764
,,0.7657053478907702
,,0.42830795562824076
,,0.8814182967294906
,,0.8273858746830796
,,0.683083787917661
,,0.274044721411431
,,0.6714836685821234
,,0.7164366901632172
,,0.4943995099526637
,,0.19933816272409677
,,0.6281080574229242
,,0.5213335361492771
,,0.7980291086914626
,,0.26851193044647037
,,0.9168343272503876
,,0.4055264704908511
,,0.08630971078070526
,,0.9898905503208935
,,0.09826827522580173
,,0.6369973058212818
,,0.12204313183818372
,,0.01810154188146018
,,0.42896911177398245
,,0.44486039394009236
,,0.9570202188907244
,,0.8267895315560028
,,0.7552899950625276
,,0.849744476639757
,,0.6939800251200057
,,0.5034756037435429
,,0.7177316403551143
,,0.10386575216456273
,,0.4145361610793681
,,0.46151920707691996
,,0.587187867875392
,,0.5675860872672901
,,0.35875591354473557
,,0.6529119679765153
,,0.9566772511514077
,,0.29112034859743063
,,0.4597828149533335
,,0.735781479370263
,,0.3140187385778117
,,0.7260942337331926
,,0.8905966762261756
,,0.8684170443322315
,,0.10178847479841513
,,0.43309440290416035
,,0.486981717332964
,,0.20371907556186397
,,0.8467484443142945
,,0.4775230374196172
,,0.06946532328344879
,,0.5697285466160368
,,0.11954703363615549
,,0.6054281934746129
,,0.5004843213930332
,,0.31665098109411016
,,0.12026677586370049
,,0.19941209727449982
,,0.07187299919342771
,,0.909488464461797
,,0.32074273900317674
,,0.37021541598810237
,,0.48049332775322307
,,0.6074917181662669
,,0.2710311580086484
,,0.8186852632659523
,,0.6717514451817234
,,0.6052839917865898
,,0.5935557943516884
,,0.8268944086883624
,,0.3898985917419532
,,0.606156850333515
,,0.8235614918504273
,,0.32276490252559653
,,0.5457043136706334
,,0.8121016901675193
,,0.1982236958817588
,,0.9595320814747643
,,0.22514144597644015
,,0.5406286501202905
,,0.0791007525387637
,,0.28289181987282863
,,0.6492937236348073
,,0.2787077031499616
,,0.5423443368841815
,,0.30431625168266385
,,0.11732504139296218
,,0.5503937493433171
,,0.474850058902756
,,0.4955411166752721
,,0.8621815313417821
,,0.7183083811078094
,,0.9755417291482266
,,0.6523442945857064
,,0.668592422389718
,,0.9219693144634461
,,0.17503177558416416
,,0.36960367960740526
,,0.19300144590797952
,,0.6747433971646345
,,0.22981619425607303
,,0.15674060303065407
,,0.47767051854457143
,,0.8124561660420387
,,0.3890629242428306
,,0.5113919881769744
,,0.876552221054082
,,0.7719034963115479
,,0.029597254806828954
,,0.7433526105119451
,,0.31114872485154055
,,0.05694493225544406
,,0.6583437319042533
,,0.8530661542641639
,,0.015519191673966537
,,0.41384263667694654
,,0.4403563753581706
,,0.468299270083956
,,0.725386328837859
,,0.21422905396269332
,,0.5638566534843936
,,0.3876120943371274
,,0.49168653481188684
,,0.7946714997034893
,,0.6157285499055509
,,0.9152250349050989
,,0.8544957156348675
,,0.5997263089323895
,,0.6256316602092844
,,0.19694893071438013
,,0.8031786374215071
,,0.7639331070024685
,,0.2853890702332488
,,0.10258432643380799
,,0.35701534017524506
,,0.1990104422846437
,,0.8896351750643519
,,0.7466875978021984
,,0.4679252531068149
,,0.14139945772737728
,,0.07997952689877252
,,0.8165893584391914
,,0.22138378381135615
,,0.8237516218358417
,,0.455400642075111
,,0.12115818561535274
,,0.9853029311466772
,,0.716555630863164
,,0.10987445765911041
,,0.13849453198774797
,,0.3330540043404673
,,0.8752711216381478
,,0.4069911046196164
,,0.07859747279578966
,,0.6684133891134818
,,0.28805087494547055
,,0.32875684365721647
,,0.6773688616768742
,,0.30962230242602506
,,0.03764394099809776
,,0.07167455803920053
,,0.046744847186695804
,,0.6950942610661806
,,0.575109432663326
,,0.611041408525172
,,0.13741354792373006
,,0.11501086515282599
,,0.416649338148964
,,0.856420629858695
,,0.021505897517395955
,,0.5346629315309769
,,0.8365110824154067
,,0.8180140495753359
,,0.35234426836503685
,,0.7257427682691628
,,0.7887562381740643
,,0.4331293362418589
,,0.9291766778239435
,,0.857324748418587
,,0.46977328717229483
,,0.10315326313379536
,,0.8841145017075802
,,0.46024997589208283
,,0.2334564711917344
,,0.052637641081754505
,,0.49389422766899715
,,0.38649497283032175
,,0.3915894987985711
,,0.9847453530457094
,,0.7404929506774164
,,0.8867723821117768
,,0.4377611011473195
,,0.24218201499629277
,,0.03192115322559652
,,0.967023768356689
,,0.9608115174282883
,,0.7314469013425096
,,0.013461744771284145
,,0.6277864849826322
,,0.06643584923699708
,,0.8199243344143842
,,0.8405712401115092
,,0.659708928522225
,,0.054706827997018204
,,0.04091971742213896
,,0.3605049097053967
,,0.8495799719853819
,,0.8033344913711005
,,0.08841029666447853
,,0.7150759542829337
,,0.40060280899130196
,,0.9107366582414835
,,0.3856615394154914
,,0.05785202626046848
,,0.5167052475773085
,,0.08702183552070808
,,0.3422710332016
,,0.8396068970584364
,,0.9101055445502818
,,0.3157399248860039
,,0.9982438799516735
,,0.4359186748231799
,,0.07148837920554807
,,0.28924321809846476
,,0.2392439448056114
,,0.6505724849221579
,,0.5245745606590457
,,0.1984864523607851
,,0.17579202122723725
,,0.861086513306112
,,0.21637720415394146
,,0.672026314386287
,,0.1021211820081338
,,0.21799913014723238
,,0.9150940358932987
,,0.10528530113419032
,,0.35863086406091504
,,0.5713706391393989
,,0.025038758877600098
,,0.7073525437834653
,,0.568874348586855
,,0.7125710097074021
,,0.3015450136544723
,,0.5046983419544184
,,0.009992120788707926
,,0.6858612803847922
,,0.10411694611722255
,,0.3738539544628242
,,0.04258710332690241
,,0.6930379191683854
,,0.6368430884780042
,,0.45809048280423326
,,0.6327625414625989
,,0.17031043965491222
,,0.9424466601158928
,,0.8341786720066722
,,0.7136269018642785
,,0.12847579373267837
,,0.06056525119371181
,,0.363945524795635
,,0.5639889664124697
,,0.06731816081166031
,,0.5262617773326338
,,0.41358188349251357
,,0.4734215250913991
,,0.06347049039393282
,,0.7977674543811305
,,0.4463264519578831
,,0.4724122104070756
,,0.9555684617218596
,,0.7399108100443959
,,0.4350365036051115
,,0.8365567036579606
,,0.7349293057551575
,,0.49552977159129896
,,0.04466845247473428
,,0.47100062287458433
,,0.9964513965772162
,,0.4808550643876467
,,0.14162354241324238
,,0.6001365317602327
,,0.7978545848614201
,,0.4501094705480241
,,0.31655459311052303
,,0.9294151791521781
,,0.5933832757459527
,,0.021751992159334765
,,0.28304848893083423
,,0.6139860520472955
,,0.2954014000690631
,,0.06854401920181152
,,0.09088367796469932
,,0.6810053099931251
,,0.5744841483544387
,,0.7588329735116114
,,0.0070565261067417895
,,0.7887273241723026
,,0.400047984401236
,,0.08910176396786162
,,0.519608490958372
,,0.5584678314656248
,,0.9537429672639921
,,0.9405905106946982
,,0.77712140371091
,,0.3783827123719272
,,0.6506298495305629
,,0.7136321942950435
,,0.5988904562142723
,,0.17826272278257116
,,0.4456463608376
,,0.38565161425345973
,,0.8185478769441972
,,0.21685361397837277
,,0.4187699098745665
,,0.8324870909414648
,,0.6087589607468865
,,0.6471012262758983
,,0.5877584863905381
,,0.729639140088879
,,0.9244499620159586
,,0.9133168496984618
,,0.8444023915207959
,,0.045517852924671365
,,0.4497425630490425
,,0.6896467699518839
,,0.4061325607266879
,,0.8247229168666034
,,0.3363863888142753
,,0.23684176203609342
,,0.5383804768701901
,,0.1433042363758743
,,0.39860322042709406
,,0.4108759132893788
,,0.24315950185745938
,,0.0428657944692552
,,0.57108327557308
,,0.307646498686738
,,0.6123061854301051
,,0.7533333689608588
,,0.3207770666501991
,,0.4025858428322746
,,0.8820130380980081
,,0.272073917758062
,,0.0032330800694103656
,,0.2664056127184231
,,0.38915745609404684
,,0.17474704088558168
,,0.7944786961071579
,,0.9739623628873365
,,0.5452329377989592
,,0.7966138270333402
,,0.07408912788708089
,,0.8279040350797877
,,0.5695682689071425
,,0.15941444992244214
,,0.6035671211720336
,,0.8561027877323858
,,0.4333149367718112
,,0.1069517284612076
,,0.7993080464180673
,,0.6606633822594501
,,0.23483212812014664
,,0.6982001519120437
,,0.7891156233741397
,,0.7020423245818795
,,0.7623448114209339
,,0.5459044378419751
,,0.8948449898444841
,,0.5438431299619477
,,0.28656410647396324
,,0.2771645205017954
,,0.10450470655052513
,,0.41191276895400175
,,0.1244629048647864
,,0.5610304503259003
,,0.995302562252072
,,0.8345423172780346
,,0.3416984765573188
,,0.15009561333401789
,,0.5423621461162084
,,0.6041407362946056
,,0.5330192294253122
,,0.8628480223799704
,,0.20863957270272693
,,0.9784504999016189
,,0.5711873179851
,,0.8761680254464548
,,0.5058628043427693
,,0.6609191819640242
,,0.29676088531259426
,,0.7517880793486922
,,0.3428907177268271
,,0.09889862014306838
,,0.2765214276228788
,,0.616668256127067
,,0.9250796738496104
,,0.45294967014270726
,,0.27845905221958067
,,0.7971930862281659
,,0.262937970593055
,,0.8217646600002132
,,0.68812723561461
,,0.7977078904160606
,,0.6492631996523628
,,0.10440759502826125
,,0.8644115927774328
,,0.2514572318768812
,,0.7534930817916372
,,0.633362963762516
,,0.07204535671830903
,,0.8671679980966674
,,0.9089914737273712
,,0.5147965283507199
,,0.17585048932020042
,,0.2440845589141305
,,0.8500070096001038
,,0.3948778455927391
,,0.6654185845197863
,,0.08944754897160523
,,0.9174798372827024
,,0.17397307323995503
,,0.4118319323475933
,,0.6654889841478305
,,0.6705260419510464
,,0.4990454807011129
,,0.3404067112938758
,,0.14808782013419908
,,0.05980220959029592
,,0.8282821433024574
,,0.8958637058346544
,,0.10826915707686047
,,0.5802723937919674
,,0.37989150168080377
,,0.30119449166923584
,,0.572997607741317
,,0.776554342882129
,,0.6483901976614778
,,0.7812095949229588
,,0.756850613861045
,,0.7216834809099357
,,0.5730364976254211
,,0.7200849193398757
,,0.8672852758897134
,,0.36821384408196656
,,0.6138042389888091
,,0.05240829564284177
,,0.09366211988766815
,,0.4389134498771491
,,0.6957311216966252
,,0.8976532681027706
,,0.11268284725601618
,,0.7007646487676837
,,0.69594251837251
,,0.8966839075777318
,,0.5917172142408238
,,0.6596798288521797
,,0.0388941570026744
,,0.3020949326889759
,,0.6824219779008697
,,0.6868784780057535
,,0.36572738265208404
,,0.3967889080585647
,,0.3508424719565304
,,0.6279557174390282
,,0.9457837907908152
,,0.7496782724480345
,,0.3828235711533494
,,0.5901779855358779
,,0.4569552850716192
,,0.9802950977492503
,,0.7691305670737404
,,0.08365355075554737
,,0.6451865941261659
,,0.8040817568275387
,,0.622436576007738
,,0.8039306989832364
,,0.9879201666092633
,,0.7646499654096327
,,0.4238283423145768
,,0.860664203943211
,,0.7325941451355653
,,0.9779219134552722
,,0.7296008883039158
,,0.45109104450015913
,,0.2904221673402714
,,0.30620613910237204
,,0.8496074084756778
,,0.35202264909772907
,,0.8542083055399244
,,0.18354167606694705
,,0.12923076697381275
,,0.3342025159873806
,,0.975346039894558
,,0.27303520209040133
,,0.8211010863015599
,,0.359014581130465
,,0.003536327831539232
,,0.7927155040752549
,,0.7278095535240587
,,0.3251907109860681
,,0.9282317792098955
,,0.6046636480215319
,,0.3204005364007112
,,0.5742005055767473
,,0.20765558545311846
,,0.8638210951510787
,,0.2185842557916774
,,0.9814854773654735
,,0.6890289473372491
,,0.797297235255114
,,0.37297672231725887
,,0.2642967204973167
,,0.5845237088176821
,,0.5817271439919254
,,0.5852209099259307
,,0.7643780638922669
,,0.0070144154591259555
,,0.6413264350599799
,,0.41623895737027294
,,0.08828477875361729
,,0.14918140844165761
,,0.23418230787704886
,,0.7295412885753515
,,0.7086510145869382
,,0.11575636894692942
,,0.3480589990993719
,,0.24172709120922908
,,0.6316349197997457
,,0.06581610461265175
,,0.003332111972548679
,,0.5320740663074404
,,0.40572540918810784
,,0.8600079010368373
,,0.6153201132595536
,,0.8978102667223489
,,0.8121238444924872
,,0.7697342297463344
,,0.129580883125485
,,0.970023498812331
,,0.6986803137013755
,,0.07008104411484128
,,0.6334893467074522
,,0.7165205306377516
,,0.7956941935496548
,,0.8797168494984546
,,0.3368515379261978
,,0.4217192606269716
,,0.6863467904631461
,,0.16037318875950934
,,0.39680471128623696
,,0.5606343630059597
,,0.3054632205512188
,,0.3625931650772828
,,0.21122624321274452
,,0.9557995676577062
,,0.950544206903049
,,0.7498221816241766
,,0.666804043131051
,,0.5990453040458257
,,0.8124152302968439
,,0.03019335339011109
,,0.10007514256263494
,,0.1820183876171706
,,0.39788631325939383
,,0.6320735021260311
,,0.03178403994100709
,,0.3364232032417558
,,0.6952021250351487
,,0.2972085471311383
,,0.9194648641014703
,,0.22753712299300477
,,0.5025889326353278
,,0.6302133493093581
,,0.5979238992627467
,,0.3013935921661183
,,0.717388362124872
,,0.14625557375438547
,,0.9072160112390188
,,0.8994206490467807
,,0.3026651880367629
,,0.554557489498158
,,0.0034062292754875045
,,0.8856144709254897
,,0.3392818446280693
,,0.05898879224656395
,,0.581655053323499
,,0.4516204865401793
,,0.278684989120756
,,0.920718205757072
,,0.023404371913252175
,,0.5973635119520291
,,0.8433856839878289
,,0.5936677784329352
,,0.9948987726226926
,,0.2835576993329647
,,0.03491386954699549
,,0.8524987996274274
,,0.8281850057164212
,,0.2996160113444305
,,0.7331660670169001
,,0.2954166874347134
,,0.1251070625732803
,,0.43657992059472017
,,0.9013815315693136
,,0.9738119543594201
,,0.7948160704414765
,,0.8018604598258905
,,0.7958093755997907
,,0.5550950174672956
,,0.7672425309583851
,,0.6433974653181868
,,0.30781413204092345
,,0.12236661424574713
,,0.5539912826462496
,,0.3570154149153607
,,0.7604666528815863
,,0.12638153461228596
,,0.788536959052357
,,0.4540535975126242
,,0.949797733733318
,,0.3979524273804963
,,0.15345945711615938
,,0.8718033603488855
,,0.9132210016137758
,,0.906992707739648
,,0.981429119444123
,,0.6999107388366191
,,0.061971562262940316
,,0.45894155827575767
,,0.18768642950514447
,,0.3925825176024835
,,0.33791754136100505
,,0.14908897200724802
,,0.13311999191544321
,,0.9636094657108719
,,0.9368799802569018
,,0.25066233909359037
,,0.0026393873113531585
,,0.7604878444941677
,,0.43347216551929146
,,0.6722552833623093
,,0.3122322346207861
,,0.8506520714502157
,,0.36651097808372346
,,0.03911986399317624
,,0.3495359576580438
,,0.9012122712272906
,,0.01295455583823224
,,0.2691587833197028
,,0.9654992921143393
,,0.7167865526625478
,,0.5341884675576763
,,0.9827506619208666
,,0.9814900259324755
,,0.4384062818949155
,,0.8207534820032827
,,0.5715677979056263
,,0.5331760428066811
,,0.06033738897377372
,,0.5349955413162311
,,0.7316579724457063
,,0.18415500347746427
,,0.807349511104729
,,0.46285381936888736
,,0.49573488263503585
,,0.7136054134656419
,,0.6514838957404165
,,0.8963193748028757
,,0.5923577149115277
,,0.221113088708906
,,0.354648035667279
,,0.9262993420028907
,,0.6459672819320762
,,0.7046319841830712
,,0.3588829480426379
,,0.06168001595624495
,,0.9309384017124128
,,0.6171187172456549
,,0.7035191655977329
,,0.9739629903066158
,,0.6653131502771374
,,0.4265227543850342
,,0.4843683025179858
,,0.07578174281148897
,,0.10695467517712132
,,0.4401667606700701
,,0.27178737441557077
,,0.3154822808974985
,,0.2703507753391384
,,0.3099382011670384
,,0.4285321744842091
,,0.9273092686948528
,,0.2724795072847016
,,0.5329950551392748
,,0.45867944898698143
,,0.3691738920828308
,,0.8594376598330581
,,0.08567162823456298
,,0.10698160375204313
,,0.6968766148775661
,,0.544911102002305
,,0.0025252537019470056
,,0.2598840703678691
,,0.8448833963724012
,,0.00392207226047403
,,0.12277305264476324
,,0.7047586511465406
,,0.3241762531973529
,,0.37573354521578006
,,0.025723565833287942
,,0.41191422904671904
,,0.6586700228403541
,,0.861691220541512
,,0.16037300751584582
,,0.027148332450612433
,,0.4118158181256151
,,0.935166548959919
,,0.5098504793373518
,,0.6446767628273846
,,0.08688176062339925
,,0.10314154417229648
,,0.7099634376580628
,,0.8508796015485307
,,0.8265559428794218
,,0.09864054408150447
,,0.5278951796519357
,,0.9047409909142557
,,0.5884055829836927
,,0.6460313796333262
,,0.4795838598490134
,,0.8249392588720802
,,0.08792487321945808
,,0.1783455204743828
,,0.47703467989782666
,,0.40196889040341466
,,0.15060964633797058
,,0.6441085624578814
,,0.29685867464439786
,,0.06788604929166175
,,0.6032960112970018
,,0.5859068755749716
,,0.8276823831712941
,,0.39711200021348325
,,0.18842657524505102
,,0.40677937462207037
,,0.3304889026679775
,,0.5815031832595079
,,0.20800455873364643
,,0.23744218713584342
,,0.910744694411072
,,0.8335947035880901
,,0.2545435808479165
,,0.001272165279565196
,,0.4728441885555851
,,0.8332288315301534
,,0.5879133435793891
,,0.5833054154672096
,,0.3269498892097378
,,0.566350497484799
,,0.4223854891644854
,,0.36795231136885387
,,0.9229440360488746
,,0.47957673074296037
,,0.7676180819059858
,,0.2674826201910996
,,0.5018159670933876
,,0.30379431832404735
,,0.32675067376107836
,,0.16927074792939723
,,0.8444044345171166
,,0.34557408697389425
,,0.02785928013356309
,,0.08725425527578934
,,0.565243096169403
,,0.16956937048289977
,,0.9188240845051014
,,0.8287632309242222
,,0.880421720430973
,,0.49074397262487623
,,0.2748006219322475
,,0.22394878732287937
,,0.6113675659871715
,,0.8081608299284786
,,0.04575462018698262
,,0.41664328106096393
,,0.6121552180020472
,,0.9389968073006731
,,0.41636806212827016
,,0.5524503856296208
,,0.868334495529698
,,0.35837958179022955
,,0.9526085501310878
,,0.6472643429232037
,,0.21933929633961946
,,0.5632753630925319
,,0.44044288694531253
,,0.12568771393939604
,,0.12409446362187193
,,0.4432366459191788
,,0.17470191237320687
,,0.33117100411184963
,,0.5863818717364809
,,0.7793302420581616
,,0.451976639976424
,,0.5690067127671132
,,0.06074453812056013
,,0.006037914254262033
,,0.4212190192426789
,,0.7976982728140515
,,0.6246409313111256
,,0.7193612234476265
,,0.8023352616329144
,,0.06830003478216251
,,0.0440584927894464
,,0.9282801008802405
,,0.5343176580439916
,,0.4302441705897925
,,0.14553474817348122
,,0.4541207680655488
,,0.29662279804159053
,,0.25106064139559037
,,0.749645473859944
,,0.03242190170669157
,,0.48623247566105
,,0.5161106420598169
,,0.5434167004488077
,,0.7639738307641256
,,0.5427460691968794
,,0.6373225038863279
,,0.8603392925570434
,,0.44811747145379677
,,0.7376087147989194
,,0.7819738194174986
,,0.15804410015528292
,,0.4771751484544301
,,0.8600627364125056
,,0.5185657354668406
,,0.6814991540788176
,,0.9160423807807518
,,0.3056705152242163
,,0.9342885347002978
,,0.8868532325135361
,,0.7155823006313368
,,0.46081388827954994
,,0.6294048610131159
,,0.2503103716452093
,,0.02086996788774953
,,0.7840921571557484
,,0.7136994750191598
,,0.5821074181295998
,,0.4729538244644236
,,0.2441126287733414
,,0.0735934840438055
,,0.8904608777910378
,,0.2961674721451619
,,0.09063035393982055
,,0.7821647235818195
,,0.054234232213832945
,,0.22483325590968772
,,0.24034441674001128
,,0.4538063127320662
,,0.1892605366230432
,,0.42720362222609676
,,0.9983811234641835
,,0.535570460396801
,,0.7140567464844699
,,0.19526186837644222
,,0.5698272663196121
,,0.6598957109637134
,,0.14648426759682975
,,0.6042747954348513
,,0.47465980184558376
,,0.10686304767217403
,,0.8746271998408429
,,0.91642627477862
,,0.6301863865600602
,,0.2931167801626525
,,0.686859078534254
,,0.308811813679851
,,0.6371108490215005
,,0.6019058724803953
,,0.2179488465160735
,,0.16311600900839984
,,0.7235442638668712
,,0.9785851998095078
,,0.887754130310428
,,0.1397182912416577
,,0.36000143290344444
,,0.2868060074472404
,,0.6026501438161044
,,0.2774567694671827
,,0.5894304710372624
,,0.5831517850377056
,,0.5180020281162334
,,0.8089992495198322
,,0.5725305548779539
,,0.9785596408301727
,,0.6740572350830609
,,0.8308938343077236
,,0.46533656186182726
,,0.07639038160740419
,,0.5545182899830003
,,0.7014996751265283
,,0.16115688426060393
,,0.0746886232443279
,,0.6809673273621304
,,0.5818060215387426
,,0.3768195120704948
,,0.05702306625250575
,,0.8701063757056718
,,0.9267464850603646
,,0.31171614359438704
,,0.16375360818342788
,,0.8293629773596743
,,0.010343388353998617
,,0.5786805507992351
,,0.30449640580975357
,,0.3460022454591274
,,0.013426842709603592
,,0.589250818890038
,,0.12197915342715826
,,0.333462763661437
,,0.0897412773316888
,,0.41606603468952674
,,0.6255602363957357
,,0.2932536297612496
,,0.20045987945384058
,,0.26148058576351885
,,0.6629530163515117
,,0.6163163235733842
,,0.4899562928211836
,,0.5371771873648629
,,0.3071578883135314
,,0.23100874866766274
,,0.3987112157063394
,,0.21437990322729017
,,0.46329136897325973
,,0.46943743500128077
,,0.0730693168184291
,,0.986038315288179
,,0.0020913841055778537
,,0.8185915259090414
,,0.5037850732279353
,,0.37766057135917086
,,0.746155151131148
,,0.4820756966024915
,,0.2557795554221711
,,0.8429476778573723
,,0.3007597125516397
,,0.03417349070495268
,,0.6615741873899194
,,0.7721439092632376
,,0.7074246936051033
,,0.23732783479779562
,,0.4934783313358767
,,0.5849501153542195
,,0.4731543153576614
,,0.7361724201417097
,,0.015204805422513012
,,0.25261382662606624
,,0.9623433077159048
,,0.041049381807987895
,,0.37783985460300595
,,0.1568897868413106
,,0.693938032737612
,,0.7821392990797043
,,0.23554895232394435
,,0.7301637623113095
,,0.0905563453888597
,,0.004329040585345556
,,0.20077892286191712
,,0.45806747987358065
,,0.6608473250883474
,,0.4395355565745105
,,0.13236388685776013
,,0.028141734369723115
,,0.6950680441551905
,,0.36064513618593286
,,0.4201008578138452
,,0.24949533862357431
,,0.6326649797726385
,,0.21240341147296582
,,0.5436045031448175
,,0.7107471304460397
,,0.2289359056234822
,,0.5254671131349922
,,0.6582536362402716
,,0.8015892501865869
,,0.9081485484031154
,,0.5920452378390946
,,0.5622337316943071
,,0.7853864960764025
,,0.2314589203389974
,,0.4661472887351227
,,0.2725569923714737
,,0.2300053050444415
,,0.7409995830913001
,,0.026914413523602243
,,0.46737633190768113
,,0.5762444452340716
,,0.6432403579254257
,,0.8327951456948036
,,0.7981440469288485
,,0.18299760441724622
,,0.27870188468811263
,,0.777843130601041
,,0.9925156055160667
,,0.20249182663647403
,,0.9849959300450843
,,0.16902791805762085
,,0.5104689922966844
,,0.12226921840745397
,,0.7556322635477088
,,0.20318411298221917
,,0.38831709396049097
,,0.2124294445937175
,,0.19655208961316817
,,0.09608099046821694
,,0.09278390906814593
,,0.9738810180091548
,,0.8066552672353626
,,0.656273498265025
,,0.5604454109715957
,,0.1705357168918169
,,0.13895961228304665
,,0.8525766923136585
,,0.8428039979061471
,,0.2710850190209865
,,0.31439901199355746
,,0.10630838476442206
,,0.156386079498553
,,0.5757330165914952
,,0.19725158348073046
,,0.16709455286136043
,,0.6734705002667479
,,0.8412182596322617
,,0.2235909666195569
,,0.35814376203325415
,,0.7035583102271814
,,0.24246947819345754
,,0.3298374000600137
,,0.08051584286745439
,,0.5449831140214868
,,0.9500506075696007
,,0.4497678318356858
,,0.7255107006090096
,,0.7671183242625829
,,0.02184371702833754
,,0.44043759919419334
,,0.12139662472442625
,,0.2766827032020137
,,0.8719582653428801
,,0.15268423438768375
,,0.854563607658929
,,0.024983594832353906
,,0.4427721325871531
,,0.5171063541370223
,,0.024583737379137105
,,0.9024069153966047
,,0.6055349189830065
,,0.5134195604158164
,,0.6167580626590221
,,0.2153437729972547
,,0.6502125867135988
,,0.6231259327332394
,,0.7664740615592749
,,0.7714324625941587
,,0.6197316842594908
,,0.46319577588918737
,,0.1557619118426541
,,0.5732450277286623
,,0.003291782055151682
,,0.8850939433990236
,,0.5636769815688328
,,0.3239311587232999
,,0.6892936041756685
,,0.3559498495485319
,,0.5059370864795537
,,0.34770125754493986
,,0.8116545018562716
,,0.3562778874536028
,,0.1613827619377569
,,0.12361209812923235
,,0.8650286830659059
,,0.8629729904433027
,,0.3565044580334473
,,0.3966403076430811
,,0.722664280740077
,,0.4108567920702073
,,0.4523071940328399
,,0.45344902492246897
,,0.5227445940344022
,,0.36655638070942465
,,0.1948542920049008
,,0.46559860879678383
,,0.8460793893687826
,,0.8362236910745872
,,0.2697195689019841
,,0.6874245812419335
,,0.20281705397165184
,,0.4107414702036022
,,0.7411372335951391
,,0.2525935470320033
,,0.7278949980036814
,,0.8419423254994737
,,0.43327885011468636
,,0.09386688794470832
,,0.8412060805457336
,,0.12696753421526252
,,0.6467598968926564
,,0.7788813078269478
,,0.7573859926235762
,,0.7601327082452916
,,0.11466249014814434
,,0.02516752075629114
,,0.3159082988492651
,,0.6756247434368332
,,0.9133718349461636
,,0.008534460954660594
,,0.8327284908770659
,,0.45614160601149767
,,0.6573803678577915
,,0.4761762960249891
,,0.20008537720570008
,,0.4253946606740361
,,0.11421472854447745
,,0.8664422048624365
,,0.3715911991772264
,,0.9426365824825711
,,0.3179316777929727
,,0.15025459982437162
,,0.6738089775857183
,,0.5937416393164994
,,0.5030018479108517
,,0.9810860679430965
,,0.822589946601416
,,0.3558097892027924
,,0.985939563694896
,,0.28582468413516204
,,0.9534685584128424
,,0.6073942696120987
,,0.871723110225686
,,0.04514444675587814
,,0.14829452385468844
,,0.8792931181120749
,,0.384224345065716
,,0.6012308870682681
,,0.7555549530569101
,,0.3410073334672855
,,0.4552372039532101
,,0.08992335566911192
,,0.1451221834265588
,,0.7339701614713785
,,0.5582102027722237
,,0.9089960446893383
,,0.6214795821429833
,,0.559618817382156
,,0.3423218984835089
,,0.7400311804146409
,,0.8031353131485748
,,0.23210289913161752
,,0.185846132568941
,,0.6492150791965053
,,0.2955060163987142
,,0.4471496679206052
,,0.9168153394985248
,,0.24373280828873678
,,0.3225231917504219
,,0.21844634865097123
,,0.0015686996384361995
,,0.6139826393840513
,,0.49478865239340275
,,0.4882005759992901
,,0.3826126055916824
,,0.346576598015772
,,0.18826240667651972
,,0.3964853955014207
,,0.13093676856961445
,,0.7159106581947547
,,0.34248881848566026
,,0.4638676891558361
,,0.6195379493495132
,,0.8839755432486648
,,0.04544548710359786
,,0.7055077309414902
,,0.9091943091134664
,,0.6402594294125227
,,0.5630134292348756
,,0.6536253888695386
,,0.5173429661033067
,,0.6837900666637573
,,0.5366961146437152
,,0.2603277942730061
,,0.47043273041234
,,0.3231512516534265
,,0.8410652564899092
,,0.2981870346907861
,,0.6027960826764613
,,0.5456171660247797
,,0.6448056647048357
,,0.7423974936197888
,,0.09800103621014933
,,0.8424742486251553
,,0.5048215505650858
,,0.1953821289515807
,,0.7014811670490392
,,0.7583554492342947
,,0.9071051209056624
,,0.759742831212906
,,0.42398787373119884
,,0.37073831429087056
,,0.17885282783002354
,,0.3192238206134418
,,0.9280031021616381
,,0.12755746084299235
,,0.3890045014469099
,,0.024584321770026007
,,0.5279110860905626
,,0.0782406253204162
,,0.6592372273477619
,,0.602602974873215
,,0.8363466543137638
,,0.6906827690403
,,0.09253664554243834
,,0.9903795354122902
,,0.960489382282541
,,0.6884858905438255
,,0.8628791425288128
,,0.03616161189778555
,,0.30165686994451635
,,0.8907122703607878
,,0.19765714181962246
,,0.8692410297898433
,,0.48677179083886435
,,0.46402966790885114
,,0.3662370993170144
,,0.1978606128710727
,,0.9296488415419114
,,0.9419060943716274
,,0.5551075575534863
,,0.3793045353140956
,,0.8213678959659232
,,0.5252221868271789
,,0.7302293369645212
,,0.7287741615385765
,,0.15641528530580096
,,0.8501562129303354
,,0.5445232677669776
,,0.8467336080798042
,,0.9041809685861592
,,0.36046197955430903
,,0.8876815181522236
,,0.412692144515715
,,0.12997138792309593
,,0.2912733453616292
,,0.7025377718915641
,,0.7449761765106852
,,0.3297418461993792
,,0.9651623956067619
,,0.2867667169080088
,,0.7654096904030853
,,0.6881625018875511
,,0.3263780339395159
,,0.23232898597724927
,,0.7769961530893263
,,0.5971354257497142
,,0.43609726481432154
,,0.33057204244418215
,,0.519894630806812
,,0.6917536801936583
,,0.5621553485888564
,,0.7208076274701882
,,0.8915099684437316
,,0.36040751972673135
,,0.006635032621632231
,,0.7582261248387516
,,0.07073698047379706
,,0.9694023699570261
,,0.5250717900134475
,,0.8479209705299593
,,0.3887403204051463
,,0.027166898818106966
,,0.8748864923325076
,,0.731412055599121
,,0.2821547077952974
,,0.7428104992312206
,,0.9753150872819595
,,0.0033181499394159264
,,0.26287000563301954
,,0.9440316776978901
,,0.47631065206953804
,,0.1454534882005153
,,0.6828077238140806
,,0.6703982947665281
,,0.04939298072253584
,,0.9935480852677591
,,0.20244590636509618
,,0.8579874208131031
,,0.1646097074467684
,,0.027449581150041813
,,0.5651999586032449
,,0.7597210949209352
,,0.02458203658487157
,,0.9880472179738676
,,0.8482835544567496
,,0.6364163406640432
,,0.9323463667154063
,,0.46718535677378026
,,0.867669957494627
,,0.5446026868671591
,,0.8302587877263082
,,0.7146529725381764
,,0.07357791718054763
,,0.48730589428032245
,,0.6844635368393771
,,0.3045954939800569
,,0.5024086240207407
,,0.04712856871674398
,,0.5393843043972291
,,0.10410285996850943
,,0.2760069095736323
,,0.02159538362928448
,,0.6051686851130534
,,0.06591729359258547
,,0.9607855117133254
,,0.4188071779947786
,,0.5019741697767428
,,0.03308604704124041
,,0.9462392840609612
,,0.21567432747910176
,,0.7843482065799798
,,0.3478969427153218
,,0.500716873688041
,,0.2966963630339182
,,0.3655720714435523
,,0.7582192556922074
,,0.45342323447980504
,,0.11423489292344735
,,0.8938244588156085
,,0.28322632234283496
,,0.5624791518473514
,,0.714488026489252
,,0.36223827364961625
,,0.5186322946834815
,,0.8397073975499307
,,0.5726118973723024
,,0.4763284511079384
,,0.6764569468620898
,,0.3696117230611623
,,0.6740798391886282
,,0.09877564966873609
,,0.6798678721671576
,,0.7386168448099083
,,0.865884331134021
,,0.4417458147370691
,,0.22891862901637405
,,0.5136761778618201
,,0.04736911752124007
,,0.20134236029614272
,,0.559280464150318
,,0.18806506119328492
,,0.45770966818288805
,,0.4827060113075572
,,0.21591771412690342
,,0.5296471817948576
,,0.8371534446443117
,,0.23376198422608085
,,0.9926597514412764
,,0.4684910078923833
,,0.9120360485313699
,,0.2597673124427732
,,0.9945618450105554
,,0.5080477661856004
,,0.09195212960041743
,,0.30827017693046777
,,0.5471735462605606
,,0.744984927891762
,,0.5925691024502837
,,0.4925682513735712
,,0.5018272067521182
,,0.3523428410486993
,,0.8180587287100051
,,0.8763352013070262
,,0.7773270842329932
,,0.38169600480967514
,,0.5682318088400526
,,0.5194415663493764
,,0.4208304533638664
,,0.3573718554790408
,,0.4629704445179492
,,0.9689870056743808
,,0.05576071512930114
,,0.5044450578236077
,,0.8985125140203297
,,0.30987778005851496
,,0.43452439515086694
,,0.9044071377881128
,,0.9982268162403914
,,0.4018465631689736
,,0.800992298207567
,,0.16210628516297154
,,0.5591240563605919
,,0.5747073017779635
,,0.7364380539446975
,,0.08411165580747515
,,0.7995928472091068
,,0.5995062272292988
,,0.5464745816324914
,,0.2774659813049082
,,0.019199118051665076
,,0.16229167407773737
,,0.9040869328153489
,,0.9987446104875056
,,0.4193272657909517
,,0.4590629404294595
,,0.6047142415279196
,,0.5068904743065001
,,0.0010692176756831318
,,0.27446385147255936
,,0.8764023895621487
,,0.09369075347279487
,,0.7154568903321917
,,0.27871257645784653
,,0.6795575522911333
,,0.032472577697342464
,,0.12828714116126128
,,0.2081126201538066
,,0.99917008130138
,,0.8803080195933688
,,0.6524638344362442
,,0.5390196695490137
,,0.9011301087164699
,,0.6392231399068046
,,0.4030754905410262
,,0.6132088363739814
,,0.9156114781858798
,,0.7778182819658
,,0.41802698733608956
,,0.43352739347322566
,,0.37757226611033556
,,0.37129176953311016
,,0.26612155891624667
,,0.3455535958572795
,,0.9902041675452407
,,0.13460482865497925
,,0.34440581954491856
,,0.7720610628946073
,,0.15692057713070262
,,0.18193474286793987
,,0.5640387994044632
,,0.27969618830784715
,,0.020414275167192852
,,0.5931205865497561
,,0.35347072402043134
,,0.3362767207596663
,,0.3997337364781146
,,0.915459013320259
,,0.8222775497394039
,,0.48041804703216506
,,0.9298020137880361
,,0.9509476574336972
,,0.8635563922750761
,,0.7641040747149928
,,0.6381912121239827
,,0.9566242080916687
,,0.1781047342709664
,,0.43407663105318495
,,0.13747952511317174
,,0.8376667526676198
,,0.7689474782735933
,,0.2442347248121125
,,0.8153359978733082
,,0.47531211885017355
,,0.312415365076378
,,0.35359599048410406
,,0.27216192062004774
,,0.7720641581585401
,,0.11021633098932138
,,0.5965511323644397
,,0.6885485465224849
,,0.6513798336955782
,,0.19183697843505276
,,0.039252995207821884
,,0.9627133361258056
,,0.1891938928492216
,,0.9106294791699653
,,0.16979618092012327
,,0.6977506958542748
,,0.8309131343154209
,,0.48482398051544884
,,0.6346336287602491
,,0.8628645780103104
,,0.8724466266338128
,,0.861421356255153
,,0.3948288117169867
,,0.8777633241036354
,,0.2867793894676113
,,0.13100796873935594
,,0.45018506979845585
,,0.8981665309911757
,,0.5901471390459816
,,0.045838054350518576
,,0.4935040118761086
,,0.11599353459043915
,,0.6904197093748033
,,0.5951243260333534
,,0.34938127087972226
,,0.5560694729174226
,,0.15704091417144028
,,0.9774358753440647
,,0.5176009943295407
,,0.5026380818516307
,,0.2742162312110705
,,0.5138929154324863
,,0.9014164877082622
,,0.37651284762623893
,,0.44651180459332396
,,0.32305582778530717
,,0.25244071103969656
,,0.823517427220744
,,0.8761612702932366
,,0.6599890076066458
,,0.7990303068769737
,,0.6543073640815861
,,0.7585178136184337
,,0.15054959336526352
,,0.3385358377061245
,,0.6379376323353995
,,0.6952664426000705
,,0.9043852769762739
,,0.4288061459751459
,,0.8477775759456402
,,0.31374437394767407
,,0.2399013045497047
,,0.8566622969802692
,,0.50981564448313
,,0.2681138986501115
,,0.14741892346251428
,,0.4129581308680371
,,0.2495325798507
,,0.0074097151546130835
,,0.6874119749923385
,,0.332125072043987
,,0.12660318705159823
,,0.0075790045505459425
,,0.439448459720582
,,0.30716493482419804
,,0.32814887208019583
,,0.41616663802753584
,,0.5617190160108014
,,0.40060627176515895
,,0.4182852492553364
,,0.46909620181060885
,,0.7185389323133458
,,0.6308377301630352
,,0.43332087319331647
,,0.05739485454639026
,,0.6401113875121703
,,0.9974280920976071
,,0.649207611043615
,,0.5259956165167874
,,0.49708569147514525
,,0.3089037841413652
,,0.8286332386221802
,,0.5001754985982887
,,0.9394627412794422
,,0.5807569378442251
,,0.3506143609387865
,,0.7625645661926496
,,0.7101571300199274
,,0.36943079738959417
,,0.2563973242413383
,,0.7016164192835355
,,0.824286515155013
,,0.7105150821882421
,,0.9584885748518797
,,0.37320880689905855
,,0.7279538446626216
,,0.6916254287177648
,,0.023920807422220913
,,0.7530220119086143
,,0.08072939045673244
,,0.10279431901633684
,,0.3297962209704456
,,0.7026255728997125
,,0.4958637792839331
,,0.5494795421765634
,,0.5759715356449381
,,0.46297861633321435
,,0.5245636154105527
,,0.5809935474369623
,,0.43193305034821095
,,0.4991293473771984
,,0.4796733043970113
,,0.7007066780927623
,,0.5666754655904822
,,0.02610568812514391
,,0.5832989809247237
,,0.7167889062429316
,,0.3358723379194216
,,0.117822291281231
,,0.36174969013548885
,,0.53948949034432
,,0.7419646283543587
,,0.7951778613607774
,,0.06428308670272564
,,0.17284493529581813
,,0.2987346593141993
,,0.1456450290195973
,,0.3092911343447078
,,0.47604836084622315
,,0.8070317989956538
,,0.1081737675583776
,,0.12829142023133344
,,0.8185807652126472
,,0.011749292417803314
,,0.41133071143814814
,,0.11474837490823098
,,0.7225675265103512
,,0.6436039077510218
,,0.3324044349044656
,,0.31633417750286696
,,0.6028987724266457
,,0.4479035847810643
,,0.5673715177655217
,,0.8400740383689177
,,0.7202438425401338
,,0.07355835427898483
,,0.3095462175291812
,,0.4286506765178356
,,0.20729822962235667
,,0.03268326774093122
,,0.9768461854642365
,,0.8850829448020675
,,0.0663569779683707
,,0.1406890132911408
,,0.8087035392554989
,,0.551878751041147
,,0.15989532669526962
,,0.9246758607820275
,,0.5807561111402392
,,0.012269684988223006
,,0.24144720054178304
,,0.09157976273782675
,,0.23577556821264878
,,0.5558958212897457
,,0.9396365724209289
,,0.4430715438314159
,,0.4209040282467955
,,0.8232621237956994
,,0.0038526658137406633
,,0.3789295277572299
,,0.8654006241006186
,,0.393167946914054
,,0.612273913667783
,,0.7614110784100759
,,0.37737925792815585
,,0.8052008553228712
,,0.8445490456197563
,,0.19859792452275182
,,0.004136474662999823
,,0.10211649397955402
,,0.6117627087458213
,,0.42035729148240775
,,0.5457986727713211
,,0.5392024691524228
,,0.5378190142035008
,,0.13131427761112702
,,0.31274783017548213
,,0.32216075534722044
,,0.440977923120058
,,0.03985303831001075
,,0.4972658253484388
,,0.6414151081943045
,,0.8407564193239624
,,0.6792329537164865
,,0.4183338203089473
,,0.41760954800684835
,,0.6216466041916012
,,0.6243212257562448
,,0.2073071380314616
,,0.9566978233859383
,,0.29745444451129843
,,0.6205900815701068
,,0.9672089439971581
,,0.7398738087977287
,,0.6129608707691032
,,0.06057586711773122
,,0.9595666074722976
,,0.5154345766566749
,,0.8320468193076749
,,0.664454168987189
,,0.932973529765713
,,0.6152175460876476
,,0.4918202392057993
,,0.6875978780590343
,,0.03635507011929173
,,0.019577612342820405
,,0.28022759648622064
,,0.5631760004387688
,,0.30865198206748623
,,0.5936092625231569
,,0.39482899207604305
,,0.7103303275685481
,,0.9623046483010312
,,0.8664855754938688
,,0.9889589850453788
,,0.8601984136959152
,,0.5678187372599911
,,0.12023127117513321
,,0.6694399149740942
,,0.9199436231400924
,,0.6339960136149109
,,0.5042798635681021
,,0.10397081302911348
,,0.6394554108458786
,,0.30757932617831696
,,0.9269581814894617
,,0.7221402410478469
,,0.2588210373663733
,,0.7628155292624873
,,0.6762927438204955
,,0.0670178294991175
,,0.07379421449464474
,,0.21805012614331898
,,0.17714443999610663
,,0.9829623784274654
,,0.6938592579866268
,,0.863853839493991
,,0.2838180161398327
,,0.5982181616683371
,,0.8074061664137646
,,0.8350264195206236
,,0.4231274251682823
,,0.06935731109286214
,,0.8989605013805052
,,0.5050038317139114
,,0.8258984358231329
,,0.9460301659843202
,,0.116567035477539
,,0.23829349402863464
,,0.847808603821369
,,0.5835686274797599
,,0.893662989550927
,,0.5842053606189641
,,0.8535526751257639
,,0.2763112712750847
,,0.1392975243105673
,,0.888817323513995
,,0.19942548687780648
,,0.24149934115297278
,,0.5255709350883494
,,0.07050874533113194
,,0.629383406332154
,,0.0939814002179915
,,0.5363187079782472
,,0.8214865879610294
,,0.06475687340325809
,,0.6966607974442756
,,0.7916559847235377
,,0.01556504606808018
,,0.9662952056216976
,,0.316215757700265
,,0.5440188040846149
,,0.9899520928124274
,,0.9928753033381608
,,0.4933443707295678
,,0.6910888239811335
,,0.9832612739755382
,,0.3353493174518236
,,0.08765085165492648
,,0.8705777098749242
,,0.003555680460581634
,,0.8366050422038133
,,0.9154472779842769
,,0.22995901687664222
,,0.7011212103254348
,,0.817136878006792
,,0.4274384684062422
,,0.6269280105690029
,,0.25920528216183114
,,0.16086427831294026
,,0.0031702698774817017
,,0.5848278327546977
,,0.11965670215293989
,,0.8159136969621212
,,0.5125458566792785
,,0.7905040362287312
,,0.2464745309140396
,,0.093394656165528
,,0.5893353547414999
,,0.9060452154323102
,,0.4123369673672349
,,0.653635419722555
,,0.5053736808976903
,,0.6440689742713055
,,0.7988879990361635
,,0.06042425502297333
,,0.7482858614299411
,,0.8937179920157436
,,0.7824108241916491
,,0.9499781721733874
,,0.37587043687310917
,,0.45226016297415284
,,0.7426118918011577
,,0.19286998231073238
,,0.22434512803685847
,,0.4452121168025668
,,0.5459126258363437
,,0.7114490668365396
,,0.3160309321084317
,,0.4854073252925697
,,0.3150481465544226
,,0.3363797589574403
,,0.030523467986006136
,,0.8065906357890552
,,0.6527615046198229
,,0.6157679484377837
,,0.4527695466355268
,,0.663990592224596
,,0.22661890940093532
,,0.40429163844811866
,,0.06344196416087722
,,0.03995959330542875
,,0.006345838603336151
,,0.4394455846047117
,,0.9569983724319437
,,0.10952886674585205
,,0.6948829754693813
,,0.0916620901929851
,,0.7159980130745364
,,0.9581046178229035
,,0.6358736884179279
,,0.12556505499956416
,,0.8971809814750514
,,0.34576584928135323
,,0.29332996802041844
,,0.08525623293821627
,,0.50503189415593
,,0.3490910319642899
,,0.8301392505189514
,,0.023151287015767408
,,0.2751969350469473
,,0.8762955577668139
,,0.3514894758125534
,,0.7816780064958623
,,0.9181851646424566
,,0.559289319951983
,,0.7567496832458434
,,0.6330198662731176
,,0.420424387552756
,,0.03999665902395899
,,0.10249420561719302
,,0.6281257011277175
,,0.35225884433235277
,,0.28528821154328654
,,0.9123556999996716
,,0.6422025506763626
,,0.8333041565415095
,,0.08305129185102655
,,0.2086569478348892
,,0.3012456740057301
,,0.7032031029321073
,,0.8073864104870677
,,0.5092945281159158
,,0.7472312428356119
,,0.6311670536398997
,,0.43392988384409636
,,0.9396568326106858
,,0.9909516200382704
,,0.6462037230437712
,,0.10450802575555307
,,0.5615283653504708
,,0.6893820588065919
,,0.6213779674161505
,,0.44528601707229976
,,0.4667881405623061
,,0.7516605827571522
,,0.9257669203554106
,,0.1268042209815634
,,0.6097535899071164
,,0.6111442471182328
,,0.1258386468974897
,,0.02027772241095882
,,0.19234984643734332
,,0.824160089030776
,,0.7000077112132024
,,0.818113315357503
,,0.5047851917837741
,,0.25350376987346857
,,0.9873961153881796
,,0.996291694276736
,,0.2775688630070894
,,0.30789203199137805
,,0.9857104411311393
,,0.9120879167988034
,,0.2566159935539468
,,0.8529460799852295
,,0.9892710730023955
,,0.8254473410929813
,,0.06727978759079545
,,0.4726619360977238
,,0.815020921823463
,,0.0199508662392881
,,0.7246532547322247
,,0.5786257175511358
,,0.5633140952273297
,,0.5480287602344105
,,0.5378682659899444
,,0.4580683819024999
,,0.041453073227773585
,,0.7786539841349606
,,0.1651625521630813
,,0.45856108741916124
,,0.865241753168883
,,0.2951378439726433
,,0.5915194781264588
,,0.5946629735937361
,,0.914691725539649
,,0.04624344818509263
,,0.5769543332049709
,,0.5688522943668413
,,0.16811952367216576
,,0.33851698030049204
,,0.5337500375066107
,,0.36908695406708725
,,0.5511222688250524
,,0.8931854991596642
,,0.6833587259881437
,,0.23539368834941998
,,0.3364217063499836
,,0.3809902769340624
,,0.2718196903185882
,,0.7814875883095199
,,0.6215312935631223
,,0.27269063279461503
,,0.856901165696102
,,0.4906491263768532
,,0.5445348120464494
,,0.12537018666654942
,,0.27002426740249075
,,0.9522171586736068
,,0.5260188085539654
,,0.963798775631451
,,0.7127967016847205
,,0.7621779995995187
,,0.8053339358490935
,,0.04463937225276138
,,0.3190502610978767
,,0.7556466327898014
,,0.7153940211413321
,,0.9924501447438931
,,0.7680304596053686
,,0.895694571876744
,,0.31120605536634904
,,0.4113535576372581
,,0.6079037765803058
,,0.8089769188035306
,,0.5460980558673023
,,0.661110762782615
,,0.6804967607318955
,,0.3002936491586504
,,0.6434221152120747
,,0.550783672018782
,,0.5337530240834201
,,0.0025177392984088165
,,0.5851470405377209
,,0.8357426708408686
,,0.7398636031234974
,,0.9214757825084343
,,0.570281942339459
,,0.6571008064296089
,,0.09669007010405539
,,0.9316370654888937
,,0.7479670277487627
,,0.2650623072827426
,,0.055720405736341405
,,0.5667102702327445
,,0.0022470662039874023
,,0.06721377299022957
,,0.15180992499410584
,,0.48135117143601547
,,0.6135096740921566
,,0.5479876978287093
,,0.8869849109823396
,,0.9232909669283446
,,0.5768956900531842
,,0.4045203304635926
,,0.7391944555995317
,,0.018967319793439685
,,0.9406556938115149
,,0.6431640527305891
,,0.036900675315638454
,,0.8379789093089323
,,0.10967417173101923
,,0.8226878357639592
,,0.9258989185247433
,,0.8765460649526884
,,0.3473346303846495
,,0.34895171466754515
,,0.6326524873342295
,,0.8995456711110397
,,0.7090350113833088
,,0.0916411087042176
,,0.5029432337827229
,,0.1954683314759459
,,0.5739839146217661
,,0.2606637663758272
,,0.4303952736942237
,,0.6141253386365827
,,0.180914616745536
,,0.8530099871046699
,,0.29543176052191433
,,0.8265863993832765
,,0.14117919676493562
,,0.7136218717417899
,,0.7955199761392832
,,0.07110929700939606
,,0.5374562208892993
,,0.8828612333415535
,,0.5033629894611577
,,0.13348445323725389
,,0.25504032118233644
,,0.1558947637274659
,,0.019149359671154387
,,0.30865703255004184
,,0.23015534030607654
,,0.7318147494664614
,,0.625555386785393
,,0.19910705656589966
,,0.6656893788655935
,,0.13609335498171604
,,0.05703696820403348
,,0.572126062664216
,,0.1581547681367469
,,0.8596090043776744
,,0.34669993504706664
,,0.3898757849218223
,,0.1976691459884351
,,0.900440296397924
,,0.5601566316597246
,,0.6272015662190925
,,0.25242554620718627
,,0.4300901138654054
,,0.30261062669068106
,,0.7011719513589654
,,0.08046718089622074
,,0.9347591794266389
,,0.20790290811834045
,,0.29366403567117727
,,0.7629489217216072
,,0.14920405245396717
,,0.039211334646896634
,,0.20810831514446027
,,0.6509457562549457
,,0.08799795598989846
,,0.9367645211457797
,,0.7854530759109567
,,0.9375637453482814
,,0.2622090515904778
,,0.43828800214871166
,,0.46584158662861375
,,0.2452371068908451
,,0.9273568559179042
,,0.8907606713628816
,,0.7200998768804775
,,0.7973808469630863
,,0.5926791954780389
,,0.7207289883380817
,,0.9741626408763494
,,0.1421561724784347
,,0.1759801505553623
,,0.7919348298594081
,,0.011515805301044457
,,0.08434184998229355
,,0.7517098809357255
,,0.234619188591353
,,0.7699330557344646
,,0.41072507531381874
,,0.5274745007202444
,,0.856970433333017
,,0.4017548198572398
,,0.5658611536380389
,,0.5743344490630505
,,0.5015808059967847
,,0.21053836804627835
,,0.9775948215085007
,,0.06984529649205884
,,0.9357520406753592
,,0.30705786738343543
,,0.11729932647312846
,,0.35771580536940406
,,0.9148938827411558
,,0.6491114272099215
,,0.7365130845462083
,,0.1375176488579345
,,0.7347228123258034
,,0.05456130305585394
,,0.7259635413974642
,,0.922185965028681
,,0.27628211790730905
,,0.7461315560849431
,,0.005645611725576982
,,0.7329098119790378
,,0.8359625559700041
,,0.060455848337331086
,,0.5779444692440522
,,0.18036712411225564
,,0.6936142532056149
,,0.3049839923561459
,,0.4663961648905074
,,0.5475917443172291
,,0.2538083866173809
,,0.762864659591198
,,0.011456172589361269
,,0.07088942671549536
,,0.2599779025996286
,,0.37929221701452387
,,0.5872874618797492
,,0.5817531159898848
,,0.29602762792882753
,,0.8378078343025556
,,0.33213341979719835
,,0.45482736061074946
,,0.16461024435396543
,,0.20084614550161983
,,0.7700078330916029
,,0.3032059946299269
,,0.16524965280712955
,,0.6254897659874573
,,0.20027261100262295
,,0.6041367277278279
,,0.6863466114079599
,,0.5864560091602259
,,0.5345317866464885
,,0.9988501582170288
,,0.14611280547835248
,,0.1569406371146097
,,0.8438582403039189
,,0.02263509596489599
,,0.03300003679016128
,,0.46288836990717963
,,0.3552788524482151
,,0.13283612132344058
,,0.5298119624067196
,,0.7254981423053141
,,0.3160495998709094
,,0.7721070517661213
,,0.5595208414891837
,,0.7299254122269173
,,0.21445266281369035
,,0.4745186247367986
,,0.28406247014830954
,,0.03304224144396817
,,0.1595847832629227
,,0.21711920397351891
,,0.193415247744831
,,0.43936031832994316
,,0.5851549208918791
,,0.9177258521673028
,,0.08168250632294993
,,0.22298439716847773
,,0.41619897410464024
,,0.5599444723670638
,,0.9133137757447548
,,0.9492776467881697
,,0.0615773354061292
,,0.713064711256422
,,0.45540193473586854
,,0.04628276589908098
,,0.9179456154350091
,,0.5480170589476121
,,0.9697073562623768
,,0.418689352829295
,,0.049042613859033524
,,0.05013294388593137
,,0.7618558567072494
,,0.7204149936984497
,,0.27659509216729183
,,0.05706098557072459
,,0.10708464696972464
,,0.029337573869520295
,,0.05212949957544344
,,0.18131863428447947
,,0.5581372202519068
,,0.8584491090328553
,,0.04453581725829614
,,0.6410656366715926
,,0.5769066146218933
,,0.4796192934192516
,,0.12366144236171517
,,0.4235445945072529
,,0.05002701239003371
,,0.29763159042377785
,,0.9785315025027045
,,0.2125677143719663
,,0.5440870913602031
,,0.4053985152548053
,,0.6003124257955499
,,0.20477576224832494
,,0.4315566664173627
,,0.20365015483301196
,,0.38088937379861076
,,0.05605606396859608
,,0.07580153160722913
,,0.29857928448677307
,,0.017319694711850797
,,0.15367649753162105
,,0.9772753149791005
,,0.7918817152312982
,,0.7858364489728514
,,0.0661724231349855
,,0.9248993130372554
,,0.7714157033223765
,,0.2009121995615608
,,0.28045711853372424
,,0.58898636339758
,,0.3633851318023851
,,0.1291774170486093
,,0.6261832943069052
,,0.13398949479412503
,,0.33154940814520395
,,0.9113442737752357
,,0.9212788573441802
,,0.03867834775664403
,,0.5381885957649372
,,0.3085857193023358
,,0.04904850987897347
,,0.5588252822299898
,,0.5344528032290201
,,0.02476945032977651
,,0.7187879688594652
,,0.43151796362708517
,,0.99837917117547
,,0.19711077198448435
,,0.5153975347454299
,,0.8110959724619213
,,0.334757820089029
,,0.14948095658327976
,,0.6907324258827118
,,0.8775782748266653
,,0.6762024065969945
,,0.8083409031227027
,,0.5029790019567791
,,0.5040936594567349
,,0.44406261185957907
,,0.9301694836627393
,,0.10992124416452154
,,0.13782000147559248
,,0.4108852690209739
,,0.39293395205851944
,,0.9949452124233006
,,0.47620830146929416
,,0.674057125336148
,,0.8422836346535546
,,0.03878738351436195
,,0.48815710616093144
,,0.6639297520923899
,,0.13770413247189495
,,0.5877128928852382
,,0.9467568905004513
,,0.5660537047199222
,,0.6645434506240684
,,0.4986242972570918
,,0.13690790190292756
,,0.18522692996974843
,,0.06762389187915363
,,0.8896589670769742
,,0.2811845998860374
,,0.0927616394793852
,,0.08625293457409111
,,0.06403339791319707
,,0.5302895923083389
,,0.023610471804856537
,,0.40529337282759914
,,0.6046994739219801
,,0.21964213114299858
,,0.5919642608751122
,,0.7893444265793854
,,0.38511685575884325
,,0.47756683901551744
,,0.25569238176571507
,,0.698259614803111
,,0.5664647366385281
,,0.2519744791981213
,,0.724179481559377
,,0.15485597392779948
,,0.4710345126650183
,,0.516597022954536
,,0.5354970481493434
,,0.1486977157400069
,,0.33887415840253154
,,0.913255230636016
,,0.2592906237005438
,,0.3675436786158143
,,0.3613991382297932
,,0.3171652541494083
,,0.11730078095641772
,,0.48344400230364715
,,0.026077363198270698
,,0.6152415404347645
,,0.304912016965031
,,0.9389142269916695
,,0.36742072719817875
,,0.27804103920085854
,,0.8010590349506783
,,0.21066946850037793
,,0.9631163969890324
,,0.029835512456171442
,,0.27672557587856894
,,0.7341321927390576
,,0.006510128786168634
,,0.43587839948820495
,,0.9346898979216046
,,0.5819497134130374
,,0.4487085554124802
,,0.651267997922024
,,0.31841787959094514
,,0.414031917012716
,,0.48753444083937825
,,0.14315805798906733
,,0.18563564617603956
,,0.9725300455110187
,,0.03493080525895098
,,0.19409293952907447
,,0.7438637869797068
,,0.34285167276533446
,,0.9897904407012773
,,0.029409134550999916
,,0.3965890994691387
,,0.04199307941657926
,,0.5605947789688539
,,0.10525385140873633
,,0.6023719116935105
,,0.6804005954864428
,,0.39316698700712704
,,0.42351634870454435
,,0.7821628914100427
,,0.1609290167262748
,,0.9695782644381766
,,0.5649801910464277
,,0.9017436187469352
,,0.964168729023514
,,0.5816215123450266
,,0.47437220599141716
,,0.08113529493157468
,,0.15085020901100687
,,0.9665154555794481
,,0.06216946214207697
,,0.4670447057942605
,,0.7350355528640741
,,0.48943532095306364
,,0.018931570793721653
,,0.637584765603499
,,0.12313392549073332
,,0.48809621146652904
,,0.19951744532378035
,,0.3686603799716778
,,0.985677885969585
,,0.00429024713142756
,,0.14915375873689307
,,0.06608419685217803
,,0.9565908258052417
,,0.5641110659513602
,,0.5617498140498607
,,0.12037355551228102
,,0.07152512454568027
,,0.44887303363289943
,,0.940116848040889
,,0.886030165306389
,,0.11580836652678073
,,0.21560182912641024
,,0.27881278106362783
,,0.6405151258602907
,,0.8036526551120006
,,0.4361540668091566
,,0.2525738580198178
,,0.40772708822320336
,,0.4280732079683893
,,0.07947884442206421
,,0.003647493949107239
,,0.31534073700680065
,,0.9690912624746622
,,0.45590646657620704
,,0.14562685306018885
,,0.00896898538939761
,,0.7631422454446122
,,0.02428392220036879
,,0.5676533278552499
,,0.9565856383185787
,,0.9790639180748976
,,0.38241873374714497
,,0.19526957237850262
,,0.16870914083637467
,,0.6642137992120919
,,0.2996247546161531
,,0.08401205060364969
,,0.6919989809365317
,,0.15254579984987526
,,0.6456890851251355
,,0.6427269622221535
,,0.3200046113833861
,,0.9004100010000853
,,0.19254640479865848
,,0.73122970510768
,,0.02373441061615844
,,0.033469665110470226
,,0.7906761642759269
,,0.49756355374741834
,,0.174169659773722
,,0.4611474753620951
,,0.4254531276235859
,,2.1725849433162914e-05
,,0.7042471558313695
,,0.13781745971228587
,,0.8940390733756594
,,0.46408362484982646
,,0.6034638916103223
,,0.10070224102484804
,,0.0323211542620806
,,0.3676448393346998
,,0.6247509701642248
,,0.14998109150162742
,,0.30846388762946086
,,0.32338229442408384
,,0.6886267846662968
,,0.3014292384423729
,,0.2756244598742068
,,0.33801422990375196
,,0.6940091914636471
,,0.6223268025268502
,,0.11028156841340109
,,0.9240808463149928
,,0.3346024233492938
,,0.864106477317075
,,0.6254275249670165
,,0.3718305975711492
,,0.35953780572036276
,,0.5638006434909898
,,0.9390811076178014
,,0.9469944232345097
,,0.8181224173026859
,,0.5007563060168501
,,0.6587286869097375
,,0.2722382523053636
,,0.06604708691449823
,,0.3443551423773983
,,0.07150858358278234
,,0.9486356859619094
,,0.02600555319502673
,,0.1365054646911088
,,0.3451416425619045
,,0.5242487599371952
,,0.6501506643636707
,,0.8560326376888296
,,0.8118171230494172
,,0.9870934647841267
,,0.9960699418405187
,,0.8084257353740045
,,0.48346641740049745
,,0.2556953203421285
,,0.46472602375134253
,,0.8266206594582541
,,0.4476278173995114
,,0.17597584632885066
,,0.32230230386163905
,,0.5483152766955606
,,0.12783529075905553
,,0.8173358486855424
,,0.657179561547752
,,0.344937690717537
,,0.4532718128394856
,,0.01244522014617877
,,0.19365804478558346
,,0.1077206904544179
,,0.6792617274769157
,,0.7842408233523267
,,0.22760929736160795
,,0.6748827965358916
,,0.043669409177615526
,,0.7607242317425997
,,0.902849351763247
,,0.375379937654743
,,0.1818853877551514
,,0.8554044293838481
,,0.7446318967299581
,,0.7943000115290602
,,0.6910725771490367
,,0.005415626078065117
,,0.7138249356700879
,,0.49952371102601256
,,0.5946878967866084
,,0.7210862617418836
,,0.06895316765002402
,,0.8733139310545183
,,0.7205037282049389
,,0.8542245069030283
,,0.9141033978049595
,,0.782555307460565
,,0.9656333154244657
,,0.2857502784688791
,,0.9102234309197417
,,0.4242748393023251
,,0.6101369181101497
,,0.8105294388049523
,,0.5401835673633928
,,0.08196656984475215
,,0.8671957716297677
,,0.4413637408407517
,,0.6754118483388977
,,0.16573822132685478
,,0.8346635830223035
,,0.021543038182289642
,,0.7595150985170682
,,0.84283122954036
,,0.39134650776090196
,,0.7651442581701923
,,0.005450479779327999
,,0.8407117418086429
,,0.11842906639378292
,,0.463457481666968
,,0.17949674258671744
,,0.9050446166084075
,,0.007512733937509175
,,0.29615935594655884
,,0.47442518079529794
,,0.16314691479060695
,,0.13847617081142538
,,0.1303673659940141
,,0.26212459884618555
,,0.9217814749494304
,,0.6219020680892599
,,0.16321411735932922
,,0.5782295932358519
,,0.6161005579360977
,,0.23293235428199954
,,0.8156821576884813
,,0.4063754114964956
,,0.524308508590384
,,0.4004585294107179
,,0.8908916920845099
,,0.18172149147925187
,,0.6556742016364097
,,0.36239494157850327
,,0.32327119461356457
,,0.7716811883773717
,,0.48777736454692566
,,0.0952871963784917
,,0.37925048004442685
,,0.8821790744698121
,,0.7071611882503657
,,0.059363440979677606
,,0.39792948682820817
,,0.25217379425845377
,,0.22616303890773537
,,0.06260792884922162
,,0.15791846273600796
,,0.3436769243857607
,,0.7149232159109574
,,0.1130728739089657
,,0.9193550211418448
,,0.5212582748154603
,,0.7601663529012707
,,0.3306395647778687
,,0.7660523634754592
,,0.9009630139284004
,,0.10197579382044775
,,0.37061605864155334
,,0.673892554034626
,,0.9265122355202389
,,0.488831415467215
,,0.6535143575003427
,,0.4077520667475041
,,0.6118686302778933
,,0.5688131787537987
,,0.934581815733053
,,0.6216925420227628
,,0.16753338510454574
,,0.504984923903419
,,0.9428743561651517
,,0.7057599994279147
,,0.2660428225864354
,,0.8101496187561686
,,0.6744698988952563
,,0.40681791771410725
,,0.0942193665847052
,,0.03742164739734277
,,0.9847561011596628
,,0.6257950880845621
,,0.2159231768746136
,,0.2679872482565617
,,0.27942925612982306
,,0.7157978638496741
,,0.325780807962584
,,0.7560330842100896
,,0.9027334564479341
,,0.5402316796975956
,,0.03299351505660064
,,0.8315300400382092
,,0.5510983633659359
,,0.14962774772646492
,,0.2800647431883687
,,0.2520807324214879
,,0.6937336307506277
,,0.6159244682589162
,,0.9018442284824632
,,0.433491795009763
,,0.21997950688813517
,,0.17787114270632665
,,0.42641451075578163
,,0.5365280291566245
,,0.3533001796407996
,,0.731224880932103
,,0.20244516623056363
,,0.41876010802039176
,,0.6664291288477963
,,0.015601247852424449
,,0.9526332937793617
,,0.6081395123114652
,,0.15379913331551942
,,0.07118463105852091
,,0.29205087445181555
,,0.5116393629075886
,,0.9702394775643778
,,0.9190470229099801
,,0.02251074173993739
,,0.8145299153975694
,,0.6329871597336231
,,0.9673763698903692
,,0.13063408271071886
,,0.2967031379637133
,,0.1731638699663507
,,0.5802642443837416
,,0.04755036838792437
,,0.9916600743262615
,,0.08017681705221635
,,0.2288258867341444
,,0.2544836979629871
,,0.7099667965040223
,,0.43363713825698424
,,0.3429681812421782
,,0.20868078985528737
,,0.10422965874403611
,,0.21368540589853902
,,0.18833897890070905
,,0.6065852644052586
,,0.6483932388446305
,,0.7965457006960158
,,0.10336734236730771
,,0.27190417538626965
,,0.23866133047008564
,,0.4984940998107712
,,0.21443905127191765
,,0.2215232343741197
,,0.11148581513500866
,,0.027773582268779018
,,0.7091720849423683
,,0.6847543304199523
,,0.8197947762975035
,,0.3682219350734701
,,0.8492406346198236
,,0.5584429226369239
,,0.6248304754577064
,,0.3313449200933932
,,0.20096831235598855
,,0.8991419169155436
,,0.7801388853030975
,,0.550384071762236
,,0.32780982813202053
,,0.7099864563939425
,,0.7899499787745285
,,0.16569474566357134
,,0.5436373795597917
,,0.4109575229554251
,,0.7341316906379773
,,0.5739802835391492
,,0.2803113468759161
,,0.04632471777804781
,,0.6581647228925364
,,0.33951367102797225
,,0.49726439786996113
,,0.28619227966745575
,,0.5637516550869073
,,0.3021851161959145
,,0.4046583254260312
,,0.03434380248422064
,,0.5140579767078503
,,0.7489776235230555
,,0.9546411059279908
,,0.7262948775015416
,,0.6284825458709212
,,0.5110941519964058
,,0.02136550532926984
,,0.2822418111347993
,,0.19528482387706259
,,0.31877583421432865
,,0.6670342191021351
,,0.08301961521315337
,,0.2372791640420745
,,0.406709906224214
,,0.9163166867944001
,,0.5167264714258925
,,0.6839533402000457
,,0.8433207871004599
,,0.7916101561160875
,,0.22170182440866737
,,0.2134374396526788
,,0.10362125440895698
,,0.9144122206765208
,,0.7245312710642814
,,0.9963737024979787
,,0.23208355155786364
,,0.5926718768346527
,,0.5197761616074126
,,0.19797421546673755
,,0.4311073444531033
,,0.23632796884534857
,,0.19921605038036605
,,0.8972910661359396
,,0.5479621838891654
,,0.03768412767529761
,,0.9495979195221189
,,0.06338163272031982
,,0.31451961819139995
,,0.8878066655254504
,,0.253616158046856
,,0.20924247227042858
,,0.9688849113999569
,,0.28435177630572517
,,0.08380516407476268
,,0.2889741899945718
,,0.6511592138207395
,,0.5916183233992296
,,0.5410205014589378
,,0.07963530787308926
,,0.22842904702677502
,,0.6018229445940506
,,0.10930864176031252
,,0.6741229470615945
,,0.3985419777311551
,,0.7547445187796148
,,0.10860513447447895
,,0.9457735592030954
,,0.18612790900642673
,,0.3120227037715746
,,0.11356773267265585
,,0.7788209850885012
,,0.9645428894475249
,,0.6867911998166014
,,0.8189260910644001
,,0.6626039238057375
,,0.35051967883658797
,,0.8277308439821587
,,0.6030787943332528
,,0.4028689268524953
,,0.751241637051667
,,0.5407820175768017
,,0.7782754437794525
,,0.7803488018430814
,,0.14542049488138553
,,0.5339629361734141
,,0.5346261541247899
,,0.3635070968176779
,,0.7978531037624741
,,0.956683357361362
,,0.7361335966735055
,,0.4385411425887228
,,0.6208869369509881
,,0.23601752138237864
,,0.49053141061766625
,,0.6412550532293675
,,0.18267310742234766
,,0.5143337794422352
,,0.8873441522922677
,,0.3388426735314116
,,0.4226926196991616
,,0.5303128791535553
,,0.7961510783187726
,,0.8908605853521114
,,0.5269449097967279
,,0.3242055672200863
,,0.8629685852710384
,,0.7967629971231425
,,0.4831809986266399
,,0.7943258708614892
,,0.5968275790634503
,,0.35594475746441767
,,0.24258285259909151
,,0.27175756459314004
,,0.7314495239243475
,,0.4785283194018284
,,0.9004554344883213
,,0.2814189375126297
,,0.5769891378417987
,,0.6956682346020064
,,0.2733017055431488
,,0.20067136927982776
,,0.5397171952380844
,,0.45722453889336856
,,0.4479554572865322
,,0.07141195392925359
,,0.6501192309871443
,,0.30303882540621907
,,0.45337399085616426
,,0.7761617463670363
,,0.8466511163434016
,,0.5721286117574805
,,0.11004332289547614
,,0.5541224443296926
,,0.6803141747600625
,,0.6907072692113772
,,0.1074125784709522
,,0.4121588052539701
,,0.9880363267125731
,,0.24627459609684277
,,0.8066419914227697
,,0.24712564058244135
,,0.07936729706910595
,,0.9306734848136488
,,0.7008045251461971
,,0.8289442526714
,,0.41303958798903295
,,0.1408993364597131
,,0.9891189797359148
,,0.6439016039927055
,,0.3697463368894295
,,0.14320645693285172
,,0.42458359834571635
,,0.9679930778370393
,,0.3664730574032784
,,0.6904380428558768
,,0.21456508828619358
,,0.5532859805693329
,,0.08350225039444359
,,0.6547368739989896
,,0.5982268448670286
,,0.2686371283736465
,,0.006955551753613842
,,0.3488438634947918
,,0.8593622526982351
,,0.645632061237113
,,0.754177483551226
,,0.21171591852922678
,,0.1477408865204325
,,0.6985007883756862
,,0.7560547345006506
,,0.43837850643897713
,,0.2942741625845916
,,0.6631541637889657
,,0.5884313492149343
,,0.9935800851915227
,,0.7922373264996805
,,0.7043254279661036
,,0.7411895001822059
,,0.10076290746572214
,,0.4170761802629689
,,0.8876111936542006
,,0.27506289833838726
,,0.07745314448595597
,,0.03153360486033885
,,0.5427856916107188
,,0.3483014952558937
,,0.07152455137352609
,,0.6787587458965593
,,0.6096572731169764
,,0.1807332236798157
,,0.9407318908430385
,,0.9576049490146588
,,0.19356970823497976
,,0.8068307114678287
,,0.6140336268887819
,,0.7282113885175662
,,0.5815572174033169
,,0.9477798667577981
,,0.07282364998194579
,,0.7485515574315895
,,0.8561961385556478
,,0.08454367688256514
,,0.404182918755686
,,0.08668054598730612
,,0.04271316084198107
,,0.5464356746386544
,,0.01009670180312805
,,0.3597277501900257
,,0.17273368796797217
,,0.5628081542519692
,,0.9701312382003823
,,0.5821498005266884
,,0.5785256321123423
,,0.371791581310158
,,0.40692979136757346
,,0.21840329910567635
,,0.7408659845978326
,,0.6063858159669298
,,0.29150590716490343
,,0.5217234821764631
,,0.5225245141307499
,,0.933521435543592
,,0.04475606013024591
,,0.8087978438195265
,,0.9145574229946442
,,0.8679317260972885
,,0.10209999765148903
,,0.3755684549812478
,,0.7073383882021147
,,0.10210572983794608
,,0.8365484832465903
,,0.3157217722704596
,,0.4701745563993509
,,0.325150852929617
,,0.3766651882716343
,,0.156529648948475
,,0.20117623171551524
,,0.6563186449782341
,,0.3264511823003885
,,0.01424695381087493
,,0.6788954543806972
,,0.002112029289538908
,,0.06997632275990551
,,0.9591330555751514
,,0.6672875980019124
,,0.7072544071280134
,,0.36066441524976434
,,0.7167041881616137
,,0.9500992452567927
,,0.6975312215570721
,,0.5130711520094802
,,0.6547053107159941
,,0.4007999751558442
,,0.7057626060218021
,,0.305076269291477
,,0.8553391414391422
,,0.5652262104203561
,,0.06309928936453868
,,0.7836870817269644
,,0.4913174750378979
,,0.1648309157350204
,,0.21259477181920317
,,0.2091874231510763
,,0.1814069600469449
,,0.2588223828477346
,,0.03707485752921558
,,0.6734051896938276
,,0.6744790210113805
,,0.5385096355846463
,,0.8048127733241949
,,0.41562824669105847
,,0.0743498488116785
,,0.17271653214361427
,,0.41976180679308106
,,0.9515493950949832
,,0.4924909360709474
,,0.5810530498519813
,,0.4354125297025394
,,0.41819354349597715
,,0.5371615822988615
,,0.7159239323334889
,,0.37141815741277806
,,0.4017398355693087
,,0.28984710757946686
,,0.7302146866391235
,,0.7589371352751632
,,0.4056880981396138
,,0.13959234416551047
,,0.3788628045423802
,,0.2462846333180676
,,0.17596671779225592
,,0.7716884694852759
,,0.42569071532718683
,,0.46682927774702
,,0.7075320685488825
,,0.3421920144165952
,,0.0800647123241196
,,0.9843503785831277
,,0.4430126565271283
,,0.6539551463091192
,,0.04506749936515264
,,0.014139485608716362
,,0.44260535721636074
,,0.009066761435509108
,,0.42243097441085664
,,0.11377245595151064
,,0.1372163082761545
,,0.8025069822884215
,,0.3496419991245283
,,0.7557961077756894
,,0.473429474214789
,,0.1618743662938429
,,0.14604625770536306
,,0.9225773389044346
,,0.45940484840308404
,,0.2514384469923312
,,0.25384812062110096
,,0.21418695861524106
,,0.9913769420790894
,,0.7065025248505017
,,0.3030725640605656
,,0.382056143476158
,,0.1620100467036758
,,0.7340295923197238
,,0.37325383582220883
,,0.6189633014036401
,,0.573957983608307
,,0.5738695492496333
,,0.8438667823769084
,,0.2852298446152949
,,0.6417749570332488
,,0.03625713283247167
,,0.5442391586331902
,,0.5900873671779161
,,0.7278282564792182
,,0.7457101758933395
,,0.5862968751516187
,,0.8226243957576627
,,0.5537102771879432
,,0.6656525212632142
,,0.7447297753338131
,,0.47220436856491566
,,0.6619445121651444
,,0.11073145315319388
,,0.2326141681686561
,,0.2271898764850815
,,0.041127600324907254
,,0.411057232969662
,,0.5880911021135262
,,0.49829718847555904
,,0.9642037320008248
,,0.09499154455654513
,,0.4662455823538867
,,0.7373922391575309
,,0.7428397783642955
,,0.9288475633119313
,,0.3693628934805765
,,0.8488956102408525
,,0.017810427721318245
,,0.7124714108192279
,,0.9867669852974595
,,0.05224982154029445
,,0.6399612176777095
,,0.2956941832572968
,,0.121487274432582
,,0.48477939932284453
,,0.15216035245971282
,,0.7458205359099968
,,0.002440707636558237
,,0.8128483282636425
,,0.7508349729396442
,,0.448019923171487
,,0.8851420737044294
,,0.638020504643129
,,0.5066832365920788
,,0.35768665776917674
,,0.08293800334426338
,,0.10271120918518861
,,0.9197916470966288
,,0.39879025933874723
,,0.9316435509868376
,,0.656732126309048
,,0.5192241673240052
,,0.6556824286250217
,,0.5035092626499638
,,0.07493976449869999
,,0.5346067078908243
,,0.13729082119648472
,,0.4621744502060534
,,0.542502998507065
,,0.9076596430384822
,,0.8802082026891269
,,0.6928781153022878
,,0.40085127419584055
,,0.9429180368469914
,,0.5888550706866161
,,0.17260606441421233
,,0.8172804261970029
,,0.5142870025715037
,,0.6403656107778641
,,0.44141633697459326
,,0.013512348713840439
,,0.18535501772345875
,,0.10262190557056916
,,0.2572176313937925
,,0.6055228081263258
,,0.20501872612047467
,,0.4738809960198356
,,0.14534668245543725
,,0.11019003641956993
,,0.9092219787276495
,,0.31736353984689947
,,0.2340600052928722
,,0.15343271654274981
,,0.23625766920009061
,,0.8641544468633084
,,0.07328500222919854
,,0.2731846471135445
,,0.7364025055619007
,,0.5906394506063196
,,0.6303216519094265
,,0.8058279051037728
,,0.13228772618996398
,,0.07673837317009269
,,0.7965499092993351
,,0.829886248789866
,,0.8555798068420765
,,0.35134998800433215
,,0.6905125154657128
,,0.6144211615801468
,,0.5884552495305233
,,0.8372848482648352
,,0.8319328623109213
,,0.0010249286678578606
,,0.4738165400974996
,,0.8412397090737154
,,0.544209195495347
,,0.2171775603230044
,,0.1194659006728449
,,0.870912600496308
,,0.9009499853245098
,,0.780129178749416
,,0.4616732967660384
,,0.11034353559727639
,,0.029769087881685086
,,0.047724675941876016
,,0.24726505789336417
,,0.14433668371617248
,,0.44073135377679795
,,0.30449827459222945
,,0.2709861809603079
,,0.9670745486206667
,,0.3360546454844522
,,0.3353808232799622
,,0.48159741097053377
,,0.5633237993313825
,,0.40635965773034555
,,0.9939187672873275
,,0.47055231629019056
,,0.3792970502791595
,,0.30080643934251383
,,0.20884135531603076
,,0.8829661798678202
,,0.3045010675365072
,,0.08234774604729389
,,0.399856832232397
,,0.5090356546088035
,,0.5596223889760998
,,0.9016779581446145
,,0.9677964568356267
,,0.11088227914717141
,,0.5649666163280402
,,0.8856667076384841
,,0.5484419531747766
,,0.4416268434427393
,,0.5539817130186064
,,0.46826837598664617
,,0.7432542352440024
,,0.8578566052329066
,,0.5719597441364475
,,0.7224690621641434
,,0.1316653399196196
,,0.4507888374022134
,,0.17291854505117532
,,0.16530683486475972
,,0.84884876017207
,,0.7378300611221636
,,0.10443427397127414
,,0.3317253611797537
,,0.3206084977542285
,,0.6450171688254215
,,0.10277192643000899
,,0.2180381420372588
,,0.48317450539618423
,,0.6889858898483708
,,0.7986784333732084
,,0.16612405775715133
,,0.1421152456022845
,,0.9474710735424556
,,0.4640957433824968
,,0.34405035443071275
,,0.4900544808557995
,,0.945265880619606
,,0.4172971637289916
,,0.7487286273492544
,,0.13475883618883844
,,0.9996041555622738
,,0.8793822914321494
,,0.24007371833283808
,,0.0652467830938338
,,0.1785362646344757
,,0.567966663260833
,,0.9564381300410738
,,0.8643571875987751
,,0.23297866755735874
,,0.8183236138100184
,,0.6064713166915889
,,0.3240793051506202
,,0.024277439980723736
,,0.788141029384226
,,0.6254411464227791
,,0.4147280785429811
,,0.6916429505028633
,,0.5936468329531003
,,0.8780352405714833
,,0.180150420031838
,,0.23829760315786697
,,0.06802216546499318
,,0.8865500569861907
,,0.6709032928723281
,,0.361910394443519
,,0.4658516430311681
,,0.960505124991132
,,0.38842622413412375
,,0.9668249930930887
,,0.5351433843749632
,,0.21824530746064263
,,0.07097563550507979
,,0.8768788206786525
,,0.3325861491872777
,,0.8822789949881271
,,0.4890853007949233
,,0.5803217094139379
,,0.0863367047633723
,,0.4138315078492568
,,0.005091094899570714
,,0.6159208854886762
,,0.9485588005822767
,,0.3044136256333624
,,0.020703250126677286
,,0.3535628785617583
,,0.8853645814693756
,,0.11059701271424605
,,0.5540444294313326
,,0.3670204557465149
,,0.7615346783718289
,,0.10278977875904416
,,0.09864274124654937
,,0.31469857727377515
,,0.43803781244320905
,,0.49495986009140636
,,0.9709465468053781
,,0.5935988555982944
,,0.5141142936939403
,,0.33548092166020316
,,0.3002241768713214
,,0.9896916976102149
,,0.2753203655369022
,,0.08491570849390229
,,0.7550386610331346
,,0.08662380493027044
,,0.2560536672572712
,,0.22776884600450686
,,0.2600759845038113
,,0.20435946493688506
,,0.7708476765966096
,,0.14826360678153594
,,0.4134930207211913
,,0.4777878455913883
,,0.6777536885430614
,,0.1891363526608224
,,0.583924468365902
,,0.36506817909418754
,,0.23372372626830495
,,0.04415563574445758
,,0.9660782598343216
,,0.2657123891808705
,,0.3882388191709649
,,0.03146643829828
,,0.7289209876022844
,,0.42357652848327554
,,0.8114606307321841
,,0.491035937343435
,,0.06064128234815769
,,0.8975437750987659
,,0.5816948494667633
,,0.21022511548849288
,,0.6298780395457197
,,0.1684323075482801
,,0.8282167217597407
,,0.728517390046856
,,0.404402008488393
,,0.7159978055456746
,,0.651577270275715
,,0.250043738265217
,,0.31267116132545136
,,0.6533426248372759
,,0.7849377096139944
,,0.7189802704417734
,,0.47289313506105135
,,0.920669679506345
,,0.7787613666182118
,,0.004777020419907574
,,0.6071260018708287
,,0.9186381253099909
,,0.4102774985878349
,,0.3896448619238151
,,0.0629723839386459
,,0.061424793814472634
,,0.23464860754180994
,,0.918032358108383
,,0.4818305874201413
,,0.522099841460981
,,0.8530639713308968
,,0.11047020677592856
,,0.6778223349537553
,,0.6716618283946492
,,0.5477054847849833
,,0.5607354405860286
,,0.3831776280607917
,,0.5458700608210273
,,0.8323508681915744
,,0.4618537489442741
,,0.6364542238125598
,,0.8096293631100999
,,0.8010388462684996
,,0.16895279531227925
,,0.0037248808932587307
,,0.10563524965547566
,,0.28125516068632295
,,0.010349791967335542
,,0.5641450297064058
,,0.04401046584339352
,,0.6661178495997152
,,0.9052222167560104
,,0.9702788516801403
,,0.42981064976242767
,,0.828585874873143
,,0.6319943378329136
,,0.8550066464372121
,,0.18649657543651088
,,0.6785213619213857
,,0.04071799260233255
,,0.9150031934117382
,,0.015392349645831804
,,0.8596498200663952
,,0.2892607670624495
,,0.4934583051184226
,,0.6209923435174748
,,0.39814539886058353
,,0.6620711030309251
,,0.42454304575416235
,,0.9323874576447546
,,0.8610892438104237
,,0.5660264164013229
,,0.1240399320743869
,,0.6723537390102715
,,0.7706439101303523
,,0.5876082305387754
,,0.613837229492168
,,0.008812594229894
,,0.07708684010400069
,,0.5195516293087032
,,0.24826734459284983
,,0.07440636235611409
,,0.3175790743055841
,,0.28752316732540506
,,0.38658709939373437
,,0.8168652483168816
,,0.05280833340621516
,,0.07496321851579912
,,0.15953767202163027
,,0.13261152816918265
,,0.8198370216998216
,,0.18042479937731604
,,0.3470149001703713
,,0.4805040511790687
,,0.8049387303150763
,,0.5930133232165619
,,0.41969507958936414
,,0.4256824890138564
,,0.11084026701791316
,,0.4438934272237537
,,0.7499758906830524
,,0.6428201617559138
,,0.23842168988348011
,,0.13438056677560406
,,0.9822826046753508
,,0.7339431973670633
,,0.2815696612838182
,,0.5876407921801529
,,0.7276234170066823
,,0.5707895419743211
,,0.05140407659109636
,,0.7614099232379937
,,0.06254682624487828
,,0.004360311239386294
,,0.30637595636204795
,,0.07837449783268768
,,0.17453143482315492
,,0.13111543981596563
,,0.06429049440996704
,,0.3006978942746581
,,0.09081417917724577
,,0.4765044071913619
,,0.8054167879748789
,,0.6238532246051233
,,0.5078557511840703
,,0.9846215920549843
,,0.48388928688119004
,,0.9515851946191083
,,0.4532515599668042
,,0.3747056370833064
,,0.17083537701668072
,,0.31316031053714644
,,0.15385225097404376
,,0.7859333093065429
,,0.4639520390768783
,,0.17490785403747422
,,0.6248137280407347
,,0.9472456366934469
,,0.6306585368943631
,,0.3503771555630938
,,0.5184799615232746
,,0.6785511485638467
,,0.040394788382263846
,,0.40714791249308124
,,0.26588178724481804
,,0.2892871537289594
,,0.6459762593972131
,,0.3989953539022406
,,0.5759684900379523
,,0.2563138093156535
,,0.048300694220876794
,,0.9240654397807828
,,0.5258506475428408
,,0.7715620788259479
,,0.3989620296763874
,,0.9738556139532301
,,0.9012528866934424
,,0.7247729061816516
,,0.6866931195139891
,,0.08268317609181841
,,0.8945363198444817
,,0.5015689981116959
,,0.8141792918416281
,,0.004883722390847112
,,0.9045861097326394
,,0.19544758799603545
,,0.4043352046272184
,,0.19990273773494982
,,0.07255949990151722
,,0.8613720574648466
,,0.09503224412852851
,,0.7462093764870315
,,0.275510397079461
,,0.6050132575126718
,,0.8468554177589193
,,0.6053233655143254
,,0.8049222602803499
,,0.634044591892439
,,0.9891833177016246
,,0.7333959534534429
,,0.4378980593579864
,,0.8179919797891737
,,0.6700621667879519
,,0.6702134885740826
,,0.7817836688152451
,,0.5516467013764235
,,0.26896185685262897
,,0.8721674736447422
,,0.529607029886815
,,0.5168747394739218
,,0.026300708426073016
,,0.8683250946478749
,,0.8492928619544613
,,0.3876382171387005
,,0.9789976724709307
,,0.8419043169968594
,,0.6487328906608335
,,0.052629213305558586
,,0.31658718229305194
,,0.3553542924104097
,,0.3693542450694344
,,0.4610790311198537
,,0.7786245487684286
,,0.7623758806124753
,,0.9668689906968142
,,0.8703594965853714
,,0.21327403869216888
,,0.8633895727698162
,,0.595648744092807
,,0.42826348711143125
,,0.8725006129793913
,,0.13409654510307312
,,0.553754697795377
,,0.5787213387373956
,,0.940614525914677
,,0.005966536207506978
,,0.38435341528126143
,,0.7349113213197886
,,0.7970862336738502
,,0.6796534317504707
,,0.5672170070953961
,,0.6476235169750073
,,0.31466946603321
,,0.7779606964164426
,,0.34625326192334627
,,0.365148611133983
,,0.2848265742893922
,,0.2979656327844631
,,0.6124405750207392
,,0.6024921735415417
,,0.547799282194227
,,0.5190637630587959
,,0.6308773870143686
,,0.39176133021640036
,,0.5768795811185023
,,0.8339151226185545
,,0.2265736774940923
,,0.7864456105328049
,,0.7730135086692427
,,0.5811665899131222
,,0.5569098077810075
,,0.24107099584671376
,,0.6582534796125196
,,0.9341891932475186
,,0.9574331924156629
,,0.9397459404161554
,,0.42491949373272053
,,0.44301341370957315
,,0.09447382786865799
,,0.6400261972277055
,,0.7346775443315254
,,0.2318039612289452
,,0.3598809606059328
,,0.8975162618103363
,,0.393703987953962
,,0.3804395677292728
,,0.4278135467005747
,,0.6250005893534322
,,0.9681147755267884
,,0.855277941710675
,,0.30723068860512615
,,0.14640145874719757
,,0.7071607686747866
,,0.10773378188942428
,,0.5608749795743238
,,0.845418430582416
,,0.9494976100732072
,,0.5975404148274296
,,0.296677615707883
,,0.49678496931979443
,,0.6878554483496684
,,0.3575153917589675
,,0.8569759553680109
,,0.17727660601736517
,,0.7163324389553671
,,0.6881839798683288
,,0.871274832388996
,,0.8890186428238595
,,0.31766246278478716
,,0.2742344532180605
,,0.0792003230685503
,,0.298442600879252
,,0.46097379974627073
,,0.31199210599321536
,,0.027184635196497497
,,0.34682758070147424
,,0.8987390076207232
,,0.40674570801176435
,,0.7105718000103095
,,0.3779804508241569
,,0.1989432151981253
,,0.8066780781743873
,,0.4809944458385369
,,0.003504175477377469
,,0.44686619887637047
,,0.24181185305525343
,,0.8478225899475419
,,0.40746594410805204
,,0.6103287837746721
,,0.3547628896928391
,,0.3457851886919948
,,0.8652750746817719
,,0.7856693185565239
,,0.9063764493561591
,,0.2943475436078601
,,0.9273671102360797
,,0.38654411790087584
,,0.36128819409863977
,,0.920131064304786
,,0.6509312957618174
,,0.11834574557422095
,,0.37696865911552846
,,0.3527097233689874
,,0.2799997469803849
,,0.724202665048605
,,0.017411701876135388
,,0.3474309560460471
,,0.4091477975672354
,,0.3837348054661288
,,0.3858112537801721
,,0.6765400503489398
,,0.32519695566857965
,,0.639517797070659
,,0.7779560353656734
,,0.29681429656644553
,,0.534722277646467
,,0.015897331468124443
,,0.2837038852417836
,,0.4067101343854437
,,0.622710573644211
,,0.8051440319991875
,,0.14252069367727194
,,0.2559959254354085
,,0.4003567087375337
,,0.9065167781568354
,,0.3773356488370174
,,0.6444233369604415
,,0.41694209577532293
,,0.9274430929967152
,,0.28681361542116046
,,0.17796676509216325
,,0.7349623276110511
,,0.4620501835413935
,,0.4034769469224293
,,0.5299038292295356
,,0.3126721786239177
,,0.5972590593237429
,,0.6432420355025756
,,0.06454742328389462
,,0.9980687110653556
,,0.4155107430686683
,,0.10662471819223174
,,0.1988022176313834
,,0.9512859357572908
,,0.6679746500062206
,,0.705876179168658
,,0.9174081762702886
,,0.7991145553947862
,,0.7239387858070577
,,0.6457869969278871
,,0.9185467154393514
,,0.3002428394972333
,,0.9152645437520032
,,0.6020533397685478
,,0.7020839390234013
,,0.9682750258863831
,,0.10014171606715427
,,0.3106887506931665
,,0.718438652517713
,,0.13812815412417356
,,0.1895373172895518
,,0.5024070044000172
,,0.18658689295512587
,,0.438746792822184
,,0.009129461727565347
,,0.026877667800498495
,,0.27906340122039486
,,0.8108037735257434
,,0.6298651032834898
,,0.03041445781276264
,,0.11597852807609643
,,0.014169157775314689
,,0.14239339334193646
,,0.3488671255186586
,,0.3938824961009547
,,0.18811812690581298
,,0.8881913583291422
,,0.4538443769597915
,,0.4629998391020135
,,0.07778453210613467
,,0.8181088679205092
,,0.9230163590463911
,,0.17138392383461698
,,0.3665142645610534
,,0.3580203435389726
,,0.04806502922574141
,,0.22519425513357916
,,0.17524757582611628
,,0.07486063416725108
,,0.5490703327902238
,,0.6668167477449939
,,0.80265330479075
,,0.5859195055088794
,,0.04259651769807382
,,0.7979551138445569
,,0.41453653903159315
,,0.6995628535526748
,,0.10462686108254815
,,0.4427066361794104
,,0.8250958129190586
,,0.6308286552820623
,,0.524375939678776
,,0.46549537221496884
,,0.5888693486196233
,,0.7939349641804228
,,0.9197377359585912
,,0.21556660216704904
,,0.01812695921428875
,,0.20822311832738027
,,0.6238963261282312
,,0.4881094624180997
,,0.5972564302574833
,,0.2681929717864233
,,0.7844014371619032
,,0.7737867533995724
,,0.2995615302750092
,,0.19432976112533418
,,0.7133500987369247
,,0.9713114992676373
,,0.31815252510979963
,,0.8827185214315855
,,0.5241398007328196
,,0.8474905603343321
,,0.034853684614966296
,,0.0006119671978838115
,,0.0799526929838047
,,0.15001398188204806
,,0.4190137685386113
,,0.9122274514245323
,,0.05932392039007317
,,0.9998757325404419
,,0.7630506640087845
,,0.9372078963855436
,,0.4931266139248308
,,0.049801473068924795
,,0.3436254596619298
,,0.8689578288839842
,,0.09178064770195415
,,0.5971688513391721
,,0.9806922252396317
,,0.43138043846454455
,,0.017337009525355107
,,0.8728774371299879
,,0.6079053074910656
,,0.052537185149159726
,,0.14452767438848568
,,0.39179767440604685
,,0.8285301992083447
,,0.10752398631209659
,,0.9687477942793166
,,0.6230980362586648
,,0.09986246637674223
,,0.6283925634759369
,,0.8788525158753112
,,0.6617582381480072
,,0.7609548084295885
,,0.7341445685375129
,,0.3909108433039611
,,0.33838561943460643
,,0.6255754101378316
,,0.09832189584336049
,,0.13560885856060167
,,0.9306324159127167
,,0.8184909511772833
,,0.07754397592377238
,,0.1947252539337333
,,0.09038912909376573
,,0.18210032845645863
,,0.25291308798359824
,,0.20019896263363446
,,0.9057952215844418
,,0.05513698726580918
,,0.2734959079897463
,,0.6296679393771334
,,0.3126526593367671
,,0.2071274329420535
,,0.31876327047642405
,,0.6000241066832317
,,0.6630807886413673
,,0.6555124356432612
,,0.7655609341217832
,,0.2977984671769398
,,0.5342418218922664
,,0.6849806111419464
,,0.9309438608988567
,,0.06908426505654064
,,0.47093830639781875
,,0.5724811631495779
,,0.48826417551674683
,,0.20825584222615023
,,0.8733629786509595
,,0.9913852808959968
,,0.04127664919976093
,,0.3032791422591903
,,0.6881819435166059
,,0.16569424354411233
,,0.20012467178633053
,,0.29145337215725386
,,0.13885562306979338
,,0.27161760854117367
,,0.11489859654751167
,,0.8606887848879314
,,0.5918895313183667
,,0.6006426933712331
,,0.5336906095923027
,,0.5190849085756151
,,0.8467716639215688
,,0.7268525211400371
,,0.19151931045086334
,,0.8981350870692418
,,0.4509141436140778
,,0.9816095832933318
,,0.8806775169187016
,,0.1449967915010868
,,0.7449576766825113
,,0.2091702448071232
,,0.10878935155649627
,,0.44518755892835693
,,0.6073239372223777
,,0.5453011307591787
,,0.7418521797340927
,,0.14199274050074162
,,0.32715460524705453
,,0.7054932079731644
,,0.15697684312804305
,,0.892008791288036
,,0.22532575086015305
,,0.7071425547129954
,,0.9652743552389537
,,0.3160113836105186
,,0.35855641718149533
,,0.5324040682775434
,,0.7449326096589194
,,0.49125237872790584
,,0.3802065158416398
,,0.1381666137117783
,,0.6149605054114342
,,0.6036282504759277
,,0.8368143746151115
,,0.8278717360597088
,,0.22848646193
,,0.6677046227952013
,,0.09204858223327517
,,0.8709737720907194
,,0.32686182377390827
,,0.02244212959771863
,,0.2629618971042408
,,0.7327088503650907
,,0.4260054063813511
,,0.15668884011123785
,,0.9698615092180758
,,0.9754102155587718
,,0.20290142906283892
,,0.9696719974231759
,,0.3028364187630994
,,0.6982793293809268
,,0.9846445521058426
,,0.8157655128821831
,,0.16335912842823397
,,0.9598353866901642
,,0.7453385570924282
,,0.12320660332083211
,,0.05655049118041311
,,0.9450507556862169
,,0.795050444965422
,,0.39270744438319805
,,0.1083900355532057
,,0.547388975687785
,,0.5256239846092913
,,0.5835012431752922
,,0.26284547133310165
,,0.5565518080509094
,,0.6318541785948227
,,0.28488736246503177
,,0.5599958684853663
,,0.522324274278852
,,0.8615013515118757
,,0.15608751026821066
,,0.8406695728447419
,,0.07233052009566299
,,0.22564697488370322
,,0.2718448990059257
,,0.7009452517094517
,,0.3946534929506983
,,0.07400562813752731
,,0.4437851865174506
,,0.7294721722780391
,,0.025022083805149364
,,0.6562568127486695
,,0.7792585452690362
,,0.918815854769179
,,0.6727035007450001
,,0.4182882547989568
,,0.09256741453547346
,,0.05000437439318195
,,0.4002803412643401
,,0.5277243061882109
,,0.26520818714367866
,,0.44702266327489093
,,0.3620336137055543
,,0.9332700482201813
,,0.5426989782884442
,,0.6113298991012849
,,0.2252351404182822
,,0.7598043438228318
,,0.06079967087281324
,,0.2035615533236449
,,0.9335361878878154
,,0.8417600778152985
,,0.7266964483214837
,,0.8723669813337147
,,0.22543445332922496
,,0.8252339219571587
,,0.4555998593691225
,,0.7510317788167267
,,0.877411876227296
,,0.09898804515973947
,,0.5338966171141282
,,0.815844354991079
,,0.5562763538336348
,,0.8131836801134387
,,0.6263067974822495
,,0.735329913571916
,,0.47082957698067307
,,0.7699670193265794
,,0.6698149802169832
,,0.5071796166202832
,,0.5618850037031972
,,0.032438541689190026
,,0.7809312502154069
,,0.2686857525777838
,,0.1954291307586653
,,0.6651812203272871
,,0.13402052645840612
,,0.714244242860766
,,0.4845269988720995
,,0.5694189223367562
,,0.6343599011567199
,,0.5678763938892396
,,0.6241326488321449
,,0.17502631302543825
,,0.8498921448614424
,,0.4459997994295192
,,0.8225292792910773
,,0.49584795240496926
,,0.8678561766742964
,,0.9072331157854284
,,0.8494517594635913
,,0.8723725827202655
,,0.6214249566439727
,,0.19055780827863378
,,0.4895270104276337
,,0.7862239286948812
,,0.689634034977045
,,0.2719768481027355
,,0.9884900023977159
,,0.8766145070522674
,,0.6177267116225468
,,0.3020549956715779
,,0.5172151694161282
,,0.3741375876449987
,,0.8510018912062749
,,0.4980330991226285
,,0.9446293711236372
,,0.10786616331687515
,,0.9883354123859656
,,0.9404817318336935
,,0.90131582241964
,,0.38356899330050276
,,0.564241737017141
,,0.13471918486165735
,,0.728215109896924
,,0.5036364405054815
,,0.5468552199717402
,,0.3557753191406996
,,0.7119032266084951
,,0.8795788873707633
,,0.11447833151425113
,,0.215830809376776
,,0.6101830024558332
,,0.27799821439633665
,,0.5654176728772059
,,0.27644922516999926
,,0.29068245603698917
,,0.4728833684761252
,,0.4773299734344807
,,0.5695324383355722
,,0.2789953202992207
,,0.6658424441049553
,,0.7741536540516757
,,0.5697829154887922
,,0.281934857842396
,,0.7408769819323687
,,0.43604409168515734
,,0.5571904424854343
,,0.45965955681474424
,,0.12630117699014298
,,0.2732254918025989
,,0.2433851226366467
,,0.5580624168625758
,,0.3897181200659853
,,0.7433911910012333
,,0.2670985699895685
,,0.31360102131387424
,,0.8828142939814582
,,0.4478016998622866
,,0.44535328776745864
,,0.3606180400987542
,,0.36440771838973374
,,0.9585744045794297
,,0.21547609602618834
,,0.9565820197684969
,,0.1632773419278084
,,0.5240637359873132
,,0.23733663711421815
,,0.12359496431056693
,,0.16664630354901255
,,0.6110720870841518
,,0.11341816293980023
,,0.4276316687272992
,,0.22810570119558427
,,0.4780037814516479
,,0.10043875211249542
,,0.14621059956480764
,,0.10032514520175095
,,0.9617267525076384
,,0.121995507644027
,,0.4581903581450678
,,0.5788300315795324
,,0.2783233321607167
,,0.9366696994011953
,,0.015605654330673402
,,0.5941695772067679
,,0.9393930649317973
,,0.8491728945529151
,,0.5529560611287608
,,0.6698203959877976
,,0.8132454178217234
,,0.13684942203424322
,,0.46596835864965946
,,0.4735784185238775
,,0.37986462407653776
,,0.16975598019346094
,,0.7008251072650861
,,0.8614385006533393
,,0.6140471387786889
,,0.666429700941724
,,0.5656719803200161
,,0.2870986942634818
,,0.6826096930789359
,,0.5007303870514688
,,0.4511654975472318
,,0.9589346794438558
,,0.07868461278069983
,,0.5732231066338668
,,0.8325901826365544
,,0.17622592530344028
,,0.33448646322681574
,,0.23099641060568377
,,0.8470138099174709
,,0.6995934252153541
,,0.40852564179196604
,,0.8860530255963994
,,0.3988384801294561
,,0.7459985306967061
,,0.17368838495908379
,,0.450774379222161
,,0.42610436072313385
,,0.6466218473122488
,,0.9944960921468289
,,0.6235342577784344
,,0.41593883768892104
,,0.03036913667451646
,,0.48272482212171786
,,0.4233869564861128
,,0.9519886416657165
,,0.41603311138817634
,,0.4168763895308033
,,0.6221918693613784
,,0.9174008238202824
,,0.13782383245854735
,,0.03487573105096842
,,0.6933776884893081
,,0.5519671015785469
,,0.5901707590790816
,,0.6807166311001925
,,0.871143789758706
,,0.13758687515442458
,,0.6158243738634509
,,0.7414929004897516
,,0.7757809276697972
,,0.17459730154410114
,,0.459238216029885
,,0.27055954041543673
,,0.5995658822331803
,,0.7065106471781661
,,0.6111222508709176
,,0.6113160360496772
,,0.8681747696669645
,,0.7256496945453655
,,0.615408000317505
,,0.17797826313689935
,,0.11517478896367428
,,0.25091638042063713
,,0.27763973172076883
,,0.42080158838213433
,,0.4326206079734335
,,0.3535375110144231
,,0.25645232515497807
,,0.6360076456554651
,,0.11200689783076101
,,0.04952195473754861
,,0.4281588131111882
,,0.31125582961052245
,,0.6553827130453503
,,0.2428524295267238
,,0.8423076356238084
,,0.30472498897679523
,,0.5907695145745283
,,0.7581677884164598
,,0.9873160487011589
,,0.3959195776748198
,,0.3974758303347119
,,0.39181524924777056
,,0.2663640191893686
,,0.028885165982530547
,,0.7396997875754076
,,0.7116056068613091
,,0.09621892748442429
,,0.7625662360775891
,,0.614574846586657
,,0.9543096194956447
,,0.06560430251151828
,,0.9532357586918568
,,0.5721223635015833
,,0.7742039085436884
,,0.7107179526590147
,,0.1589305185236899
,,0.4258553103333187
,,0.5779043693699257
,,0.6844363036648793
,,0.5987246573320041
,,0.5176013331673269
,,0.3716482678571834
,,0.6359650855716441
,,0.21394510670609546
,,0.6547751567649185
,,0.2746807462346411
,,0.05096450608958503
,,0.2869961062002383
,,0.6270125394197384
,,0.870265460194414
,,0.41506833295064915
,,0.9275300743598027
,,0.45388257475567106
,,0.8166166364028815
,,0.7785644941388328
,,0.8953548277587446
,,0.4762634307282493
,,0.3807364182767794
,,0.18862088345289474
,,0.5037580810448734
,,0.42755166646529563
,,0.6366212251959594
,,0.11918978615931886
,,0.6538420576403231
,,0.114743197627168
,,0.9053156332918353
,,0.8125505612823937
,,0.14464434933120418
,,0.419759453726712
,,0.1004624006897279
,,0.7200621948997988
,,0.38254821474156697
,,0.8857872142018155
,,0.2928577737204736
,,0.033202882021447944
,,0.8458982114663349
,,0.7040782946346992
,,0.12255182361766404
,,0.6487113543628433
,,0.4101180208632119
,,0.7769127361989945
,,0.17122498688261878
,,0.2186727509710863
,,0.8003182496821903
,,0.5117471432283663
,,0.2890873729987503
,,0.5075709379412405
,,0.14130540825671445
,,0.561054683256204
,,0.9791685271514802
,,0.4068576818727625
,,0.3573545383174128
,,0.6564004300070376
,,0.564811159339196
,,0.7696964691329884
,,0.7727249017644734
,,0.43040812995954547
,,0.5678867583596565
,,0.9470024310166362
,,0.34126615446273023
,,0.30861545828346726
,,0.730553006843812
,,0.2321471937421803
,,0.11963912743141647
,,0.16116840403439792
,,0.6200513206845243
,,0.5975959765547726
,,0.121535488499812
,,0.9160798770344525
,,0.8105025041696188
,,0.5882645402311848
,,0.7192135126669398
,,0.6642292482419206
,,0.12314354849599818
,,0.9794727623227492
,,0.9701805631996069
,,0.7036258050004167
,,0.7422023169589087
,,0.9532317590244809
,,0.8266966768217348
,,0.02529798708603337
,,0.4304567454865781
,,0.7333305664174761
,,0.09008400977433506
,,0.9645094602289477
,,0.5150435849592262
,,0.14468645073455555
,,0.8675701018348582
,,0.5300818015270345
,,0.6768753643889559
,,0.27583135383669843
,,0.5096735844118689
,,0.768566681933135
,,0.9107640951054313
,,0.01795778801535164
,,0.558056491975024
,,0.5538427219681721
,,0.7382664322383307
,,0.35323351935188874
,,0.0570126843592782
,,0.33364289673837655
,,0.47563308751029654
,,0.142742217078752
,,0.8593281761406715
,,0.7412024512234201
,,0.741301857486977
,,0.1240075570149386
,,0.2706462079844588
,,0.5283104296747178
,,0.5590301061629518
,,0.8916060467056416
,,0.2276082317070055
,,0.9557567724350854
,,0.4379629151488096
,,0.44306891180888175
,,0.284939913560766
,,0.9862112881661571
,,0.8573961456887597
,,0.34106917513673873
,,0.4879362981351172
,,0.2141582790600125
,,0.7763653380551148
,,0.6847470483127733
,,0.02638053113828487
,,0.006826690396129931
,,0.632063291668602
,,0.019469863891997896
,,0.012922868590067749
,,0.3342969008545502
,,0.8520547123225439
,,0.5849178182922994
,,0.4792606182220971
,,0.19848478281574577
,,0.16988761903481409
,,0.9960202054778493
,,0.07937029659079275
,,0.4189547440642265
,,0.5880949476486829
,,0.5332752244145287
,,0.9531077391361107
,,0.39209311087151444
,,0.20343411480342233
,,0.005133689549533305
,,0.8804181864975955
,,0.999810815305584
,,0.04754617336481237
,,0.8352526543786208
,,0.533941351224797
,,0.21957171567993128
,,0.8784568463582481
,,0.775109473536653
,,0.15133937613213966
,,0.4439302508385382
,,0.06337755342146023
,,0.7187535592634471
,,0.0747004148040129
,,0.30732661971301656
,,0.8057578555932128
,,0.07469461561407964
,,0.2713702841923441
,,0.4382096279033375
,,0.3624707955427783
,,0.6505889879045916
,,0.5657480006537102
,,0.5469625262684569
,,0.8332354037003511
,,0.25737986020423664
,,0.10257951523200648
,,0.5211301388672174
,,0.45269123123271693
,,0.23133825882504722
,,0.6885594796404112
,,0.3425697384827051
,,0.08680791076785532
,,0.0706831535441349
,,0.24053660454424697
,,0.3759102137213062
,,0.9321304086195121
,,0.017409735213574362
,,0.7713169393456485
,,0.547282400420008
,,0.12823933228291395
,,0.6253403773813621
,,0.15163458187091994
,,0.5372439439172045
,,0.5278772665008433
,,0.6133673106741996
,,0.1758950463027924
,,0.30788651950935964
,,0.2337302206161791
,,0.08600302196257226
,,0.5801257907658621
,,0.9964509321066518
,,0.1498934302925169
,,0.7718927932645994
,,0.09120464474189494
,,0.5196224004022699
,,0.973588059840552
,,0.14405359109388727
,,0.5179208349276172
,,0.2989086908125904
,,0.4980789363676136
,,0.7815525641703304
,,0.9650801503857653
,,0.5394555219434103
,,0.007288190047803567
,,0.762626068178685
,,0.3736333754582689
,,0.7198226148878948
,,0.24139154421841724
,,0.4264411512393649
,,0.13476006179668953
,,0.786115497059749
,,0.1285359990604371
,,0.12726294221314116
,,0.723557251408602
,,0.9761361144145173
,,0.07402651728563137
,,0.04818247691623101
,,0.5903302843202991
,,0.03751597621633007
,,0.37242901606641843
,,0.4502301160407439
,,0.585883707332862
,,0.608482136055599
,,0.8874125407545397
,,0.1303779592066563
,,0.4272450875762357
,,0.6367794537608974
,,0.039189770957620884
,,0.8612748985736824
,,0.30116036691232584
,,0.18353746846734686
,,0.8343301329224174
,,0.32472009771908505
,,0.4053451252496183
,,0.7483324542671275
,,0.859968460004588
,,0.45531816499201816
,,0.038999053192197985
,,0.9491414331234624
,,0.16236680334310016
,,0.8671257067444437
,,0.5480811195659252
,,0.02093586744940068
,,0.5180386043375315
,,0.42783195234716653
,,0.6382700186804574
,,0.6681672175282184
,,0.8687538540290622
,,0.5435554853029276
,,0.16863481903572164
,,0.9346757713911323
,,0.3388459464165833
,,0.39351372635953896
,,0.770642823715655
,,0.8583592254654743
,,0.653875857663786
,,0.023771098455088846
,,0.897297775757446
,,0.5486236634317019
,,0.9311352474024704
,,0.09406700542076074
,,0.8362527846119124
,,0.6477824433048299
,,0.6645874499015958
,,0.13262963214384027
,,0.38502109233999626
,,0.5049936048708918
,,0.32488526137627805
,,0.025624840715020136
,,0.7920546795441795
,,0.38900747464929575
,,0.8271486756996302
,,0.5218474639585865
,,0.4558855810304734
,,0.5135365292787462
,,0.9864812836012564
,,0.2337083993722454
,,0.05834782247564252
,,0.7644590708312854
,,0.31858814409018954
,,0.4513338809512276
,,0.43848280352666325
,,0.86680941515934
,,0.20701573014754404
,,0.0864235611814328
,,0.08058501648520067
,,0.20538809247812473
,,0.006590954079628286
,,0.6332756376547094
,,0.24904729818071103
,,0.6668711202273229
,,0.5933291606866699
,,0.19185445271144896
,,0.8113570797435867
,,0.42949532774333
,,0.561968033436042
,,0.25657257189492044
,,0.6938820829749496
,,0.12154808470431577
,,0.5302086030547423
,,0.3284640430280571
,,0.8298674897755076
,,0.2394903659346873
,,0.41424728643272213
,,0.6025150067534326
,,0.7228101159179174
,,0.29224353664441105
,,0.9905944911910006
,,0.6246411871171927
,,0.5488484982438154
,,0.37187942619961845
,,0.6889423381170795
,,0.1755483754713122
,,0.38571854560943786
,,0.2713017132482066
,,0.733891234832855
,,0.24220786149510276
,,0.3089613513515571
,,0.3687988831189437
,,0.05160287503210648
,,0.39310391263170175
,,0.1219464266552166
,,0.3722072678865077
,,0.7075224625695713
,,0.26785534656352394
,,0.4362347070297603
,,0.31918694110854196
,,0.6152265172247983
,,0.8668998505114787
,,0.4028529380152477
,,0.5238305637737344
,,0.8781651488400452
,,0.6876748478205112
,,0.4559087110488328
,,0.6120628118877852
,,0.48824453839283266
,,0.47715539213899427
,,0.3327991125886327
,,0.18228476639172198
,,0.3329792966665991
,,0.8009120518459006
,,0.1670270017530484
,,0.983981168170569
,,0.7610073464883119
,,0.25754238473001734
,,0.32989046112662557
,,0.06400674494318426
,,0.9067335848852514
,,0.8946536229109558
,,0.3943801946586395
,,0.6089015149530922
,,0.7800802969075489
,,0.24662346228343712
,,0.09191392996645487
,,0.25732539577435154
,,0.6553972797587183
,,0.6083479311208029
,,0.14893886111629717
,,0.49482848891243925
,,0.2522209383303218
,,0.829969261991338
,,0.09327619548894339
,,0.3845005505129927
,,0.9216294015866908
,,0.6697374864702224
,,0.922785428786856
,,0.7220082523053093
,,0.9691118486272218
,,0.04946776808686848
,,0.458774880906754
,,0.21546181145699428
,,0.7902275535659842
,,0.40556710966590137
,,0.5090519955470408
,,0.8588619145786834
,,0.03350107552044013
,,0.9909691374806482
,,0.6254950552542939
,,0.10189917355469591
,,0.12046210622192477
,,0.07991673096627105
,,0.4056239175533205
,,0.3011866397866868
,,0.31351266942669465
,,0.11515764091216252
,,0.9020030598508417
,,0.8583363511337713
,,0.2438385768378294
,,0.9121503697771661
,,0.3314015849611939
,,0.182871841953133
,,0.15586392028696583
,,0.016665672690953426
,,0.6669438866707118
,,0.44042301356679747
,,0.6876442264118412
,,0.03709552550092299
,,0.7296540562218241
,,0.7302651296951711
,,0.28039547644875407
,,0.34690722735913027
,,0.7630312529571516
,,0.40121798376895024
,,0.38242153796422873
,,0.13611612056634426
,,0.2280234618253978
,,0.33529713562598373
,,0.1271444179101049
,,0.9498671105974561
,,0.9046450166194506
,,0.7719634531924006
,,0.39349072135214314
,,0.6549218129680542
,,0.9270798255059772
,,0.13582592423276718
,,0.5908602818354364
,,0.14459296602801142
,,0.7583749095666698
,,0.5469409107734099
,,0.06787356701122682
,,0.7209472032938515
,,0.32222297798619626
,,0.6274353145273271
,,0.8221116368592944
,,0.30449466978635464
,,0.8731709623506803
,,0.3002427995847142
,,0.5728977300319986
,,0.3165154781577306
,,0.7166212510210472
,,0.9708430677443646
,,0.9248017051124829
,,0.34234688575496763
,,0.03255073358961358
,,0.9533537952050596
,,0.5452693064068596
,,0.10937238576746366
,,0.8410251169641209
,,0.7163568305013176
,,0.009838751428194459
,,0.5414203342590936
,,0.09748282632530414
,,0.759518924163182
,,0.3153343942101833
,,0.8512963384080157
,,0.530557173330532
,,0.8233241680783278
,,0.7245314355964605
,,0.6486150087504113
,,0.8268768364799105
,,0.25893121448872547
,,0.2971891251524795
,,0.048795278495782135
,,0.6992800864347669
,,0.3836419830505353
,,0.6485917724675824
,,0.6195339885392444
,,0.15784056769822064
,,0.4108723624678077
,,0.23343333992025894
,,0.23316873685521677
,,0.7833910434756974
,,0.8715977200706637
,,0.5684481124636737
,,0.32729828716309073
,,0.14201856625143017
,,0.6526798487578536
,,0.7418154079331908
,,0.3605100585132145
,,0.5099218000975964
,,0.17991141234832153
,,0.6516293145668876
,,0.12406256682090477
,,0.6888522202477412
,,0.6298560673626986
,,0.8497331627626213
,,0.7353897194886185
,,0.9865024449452924
,,0.44557361699383413
,,0.6736633642988427
,,0.12015273703099494
,,0.7482385279095063
,,0.9856305171966864
,,0.9678393786292948
,,0.9421967857005421
,,0.5758852628314479
,,0.7905427200145401
,,0.2963665327991013
,,0.557915649838772
,,0.45557638965758773
,,0.6520173115469174
,,0.8959432263202708
,,0.752140135496432
,,0.6534618662129449
,,0.18734932298948082
,,0.5453191813297616
,,0.05284759642437631
,,0.659569954025615
,,0.2560209423517038
,,0.6644654462509588
,,0.6097140317022576
,,0.7856537597804214
,,0.42105313913328746
,,0.24587569973084444
,,0.8858025550030041
,,0.6056965497958494
,,0.6591485829297337
,,0.09206730283035747
,,0.6732483368894002
,,0.1185035114895121
,,0.8998921422048798
,,0.7878849810920179
,,0.5186782210338704
,,0.5182250818074846
,,0.9353729154990427
,,0.4323554003164092
,,0.3620339365764632
,,0.43221146786923403
,,0.24727998550950459
,,0.786310715109582
,,0.13823180613614627
,,0.8885430371019603
,,0.4711663148466372
,,0.6559577222862295
,,0.18321478486609533
,,0.8392909745406716
,,0.8946728468766117
,,0.34980856294224993
,,0.4995443946821817
,,0.4945912998172257
,,0.4735424332762632
,,0.9341680747585756
,,0.8332394388873487
,,0.9731012582631241
,,0.8271562378895292
,,0.43763286107646826
,,0.3074972684272669
,,0.6864171793132497
,,0.7151729599289106
,,0.29442633031988763
,,0.46195764692096775
,,0.1609023542181376
,,0.8704584936585458
,,0.430903998690502
,,0.8109432652612204
,,0.929384589652597
,,0.018351251692150683
,,0.6627870508382274
,,0.2178380121534802
,,0.5064732663360962
,,0.44430639049767084
,,0.8357292526213811
,,0.36479463609341667
,,0.7160634758023825
,,0.9758863416421983
,,0.7129020842615018
,,0.5646490672260732
,,0.9981305668284512
,,0.15342268798008385
,,0.23516942139201624
,,0.3348897410439904
,,0.1559131006205241
,,0.13925487234253253
,,0.2601513239522427
,,0.24070798048229092
,,0.14326584092629058
,,0.07281649909287968
,,0.6710592507137179
,,0.7278547295787761
,,0.5733459377274409
,,0.890781416554234
,,0.4411280698488693
,,0.11986019487301536
,,0.28115078409568706
,,0.13801229565164463
,,0.1406108931305542
,,0.7597324364768051
,,0.12535092139208504
,,0.3426430044186105
,,0.1435914866274104
,,0.6898195348826923
,,0.18115723573789388
,,0.7796429806630265
,,0.5341855474931431
,,0.8336979144201132
,,0.8499411045816745
,,0.028005217792759995
,,0.48040384909923006
,,0.8161178762542057
,,0.6362966589205677
,,0.8518359767103177
,,0.8103099441558123
,,0.07816299871546373
,,0.5077745496044849
,,0.039062684708713435
,,0.8843077215435198
,,0.40757974935837515
,,0.4060453028628851
,,0.226619289633456
,,0.978171306141156
,,0.3043616282783522
,,0.993229471517369
,,0.09868904833943681
,,0.17926355025187846
,,0.00940569060773877
,,0.09791961635700652
,,0.4463508842833035
,,0.016189517870724535
,,0.14549097851967374
,,0.28485688791656494
,,0.9011480703845525
,,0.9384749652367461
,,0.40701211638229184
,,0.33488503024429905
,,0.40070789318750033
,,0.05599125351576306
,,0.06309475016479982
,,0.38869136085666245
,,0.4332946769580608
,,0.27267429734333826
,,0.5999363159256825
,,0.14723931270293888
,,0.3311470922062648
,,0.24548496156665078
,,0.7444306930670858
,,0.7737631315594196
,,0.5668636842302444
,,0.5377379940405359
,,0.27662839718462295
,,0.7108417279119327
,,0.6982844087124367
,,0.46782617950397487
,,0.17591007250254953
,,0.3465546015457789
,,0.9882136135454839
,,0.49562022352960566
,,0.8703392219793171
,,0.48177274107198564
,,0.8167523440350909
,,0.24010494767857726
,,0.5165280962674342
,,0.616225535617854
,,0.4364675420879722
,,0.2862468355437714
,,0.844170244069377
,,0.3765774921115902
,,0.12707839162885293
,,0.5593274481834802
,,0.8895007167670057
,,0.9414621177923874
,,0.5652957979554368
,,0.014062611275837855
,,0.25138729725856535
,,0.10948542933268746
,,0.5267832559970553
,,0.8151185916625316
,,0.500630790432596
,,0.3836636497943928
,,0.8073197427258607
,,0.3301271729117855
,,0.6160590554747568
,,0.9011948550088756
,,0.864584513712441
,,0.3311383557581552
,,0.27642875891550966
,,0.5388125060298413
,,0.6097276518854375
,,0.4445885428530253
,,0.07409422157487922
,,0.6518806250560096
,,0.1127098989049915
,,0.6928755811666765
,,0.40835543612146186
,,0.317321957953028
,,0.4581243399050038
,,0.8896537282273564
,,0.04243323399541865
,,0.2392931881010405
,,0.8884274372011621
,,0.89287691865285
,,0.24469850414910088
,,0.9976451465627344
,,0.18517321976010126
,,0.6823989880680208
,,0.3602028981360451
,,0.6586695971732333
,,0.803708282607347
,,0.8967856041928328
,,0.026232398944240454
,,0.5941068785279069
,,0.7843009257459952
,,0.694228019489457
,,0.642661460399685
,,0.05190766639746147
,,0.039128401572291915
,,0.2591429636186984
,,0.9708380586640507
,,0.543023816888678
,,0.5982047004369114
,,0.62872816765228
,,0.35093960124769563
,,0.8539577123967755
,,0.6740327895858791
,,0.7560970682442336
,,0.06964397247701426
,,0.930003948972516
,,0.3125616141965142
,,0.07996149610692127
,,0.9510324446382321
,,0.1613949318891943
,,0.47651631842536746
,,0.23707562057882292
,,0.913428965064877
,,0.013019933407743212
,,0.29811218737839007
,,0.09683614939572516
,,0.9226546534710238
,,0.7942251146563857
,,0.7900280679775158
,,0.2821622370523922
,,0.9389724574989524
,,0.2014122173941305
,,0.41386564427431594
,,0.6951140803749597
,,0.16425974070312488
,,0.6974861160926739
,,0.9712068205377867
,,0.225524409867928
,,0.8832411438846574
,,0.40099529502118114
,,0.7857199114841739
,,0.3122428251820675
,,0.1339162955720049
,,0.5436329032685012
,,0.3979220281978998
,,0.4198767351431203
,,0.948337235648575
,,0.31094417220653703
,,0.11544317638221724
,,0.7237135469796719
,,0.5565146333206286
,,0.8182427315938507
,,0.07346031696805455
,,0.19234543394709136
,,0.40382913339231863
,,0.02091467154594584
,,0.4922630108838524
,,0.8079340781973421
,,0.6794831370998059
,,0.11018650670671792
,,0.3037461429455408
,,0.2595529239935731
,,0.2737068603023226
,,0.42136878749574724
,,0.4137106764703392
,,0.3130598828247022
,,0.40616086355346415
,,0.38833514878343234
,,0.20648633382150605
,,0.12290656421120127
,,0.4478069733596396
,,0.30865360451892476
,,0.09659901941829196
,,0.1718989592076946
,,0.45844270053762604
,,0.1829708732904448
,,0.6760634538972278
,,0.6959082171599921
,,0.933983989547314
,,0.09399873582639795
,,0.3921558265642461
,,0.3096690167318794
,,0.22100146297308043
,,0.6268821091294022
,,0.5756000733371637
,,0.16270431577754318
,,0.7194662964100175
,,0.4562004215723102
,,0.5814010795215585
,,0.15337117301171388
,,0.6630566465610331
,,0.7045337234687172
,,0.6564401492941582
,,0.3022038600843572
,,0.7451656615282288
,,0.8989428579151554
,,0.4183084475053608
,,0.4616871860095878
,,0.47840800167698005
,,0.7492518369363941
,,0.1882943796554778
,,0.8979572070784223
,,0.13371866304522162
,,0.7341867862747172
,,0.7061362257074577
,,0.3314494703272055
,,0.9438586264257914
,,0.805893526272536
,,0.9340333007532238
,,0.9136228736614469
,,0.34111432830481403
,,0.4254588711773659
,,0.017395542406464903
,,0.19652082248177316
,,0.6420101153198163
,,0.930142233160171
,,0.6973873396252032
,,0.6405466126408764
,,0.5678406410605554
,,0.027644164678790717
,,0.3124716251151922
,,0.18065126696111544
,,0.3304483644701246
,,0.5334793198630922
,,0.6572220425861073
,,0.5518431585146688
,,0.22577899716236072
,,0.3600416029361909
,,0.528083242861872
,,0.4837843490314202
,,0.5608615924381463
,,0.7327552131331542
,,0.9490889904312058
,,0.7066710904437866
,,0.37270089360836667
,,0.5433746045943525
,,0.7852816851454159
,,0.5596403465239089
,,0.38032731825210275
,,0.028184756489377794
,,0.4179347138230125
,,0.41712573341428993
,,0.9221410829179569
,,0.6956934443969988
,,0.687826349894063
,,0.9269056713890723
,,0.9827950732717103
,,0.8676508732194099
,,0.20075213186821483
,,0.05570901317723498
,,0.16809653804976787
,,0.07514158980371954
,,0.8992595702173632
,,0.5276075264136877
,,0.9485468241722618
,,0.6551759189223203
,,0.36553848001098965
,,0.34815721509967645
,,0.08961551935588807
,,0.24633954099303834
,,0.34268932044503964
,,0.5247839131287565
,,0.7198582965284396
,,0.528876710078747
,,0.33310514548516934
,,0.17523829914058187
,,0.7185659704362011
,,0.7485438531650991
,,0.0872658938448071
,,0.9717103709131174
,,0.17629223435447783
,,0.2231408965918863
,,0.3828447383398408
,,0.8951596735430055
,,0.35315552472199074
,,0.16734001091367612
,,0.947348508309829
,,0.2661830457786424
,,0.36015896203898334
,,0.09441853435970404
,,0.8885116040676044
,,0.019441085109782374
,,0.6662457426156349
,,0.7698237065893533
,,0.5258926143333071
,,0.5734465631379718
,,0.15094089240119146
,,0.8132446004338074
,,0.3044027951432817
,,0.16200230503577606
,,0.022544392938411817
,,0.7855669204762501
,,0.162161575408043
,,0.7502363139994607
,,0.16128974339065472
,,0.8121912348193202
,,0.3433035564622636
,,0.5884123118735091
,,0.5641123757038904
,,0.5911449604329292
,,0.3616884179882477
,,0.5706400665891513
,,0.15529465440411572
,,0.039523417031116725
,,0.5891850068600912
,,0.5028718717587932
,,0.6311198423364403
,,0.998988490237189
,,0.5605792040695221
,,0.7754304961087191
,,0.26369608548801216
,,0.20435956989326576
,,0.07877914743484538
,,0.43326927168672813
,,0.8812142795959245
,,0.04680389865448242
,,0.6803498817053601
,,0.20773856427737647
,,0.513667336873387
,,0.29431231528156454
,,0.7845163292846725
,,0.1050785366407534
,,0.3530165948928612
,,0.8115226448891641
,,0.059874030866749695
,,0.6422812144239598
,,0.6811784181334012
,,0.13591400932967213
,,0.9044965250608092
,,0.6474453890836978
,,0.7779168361468249
,,0.20460488702728163
,,0.2484344136423694
,,0.3257837432016599
,,0.45989853785780077
,,0.3833316669137812
,,0.18109012120342716
,,0.5663660008750352
,,0.6043813549899681
,,0.029105915949662053
,,0.6570674655266483
,,0.9262091340879632
,,0.20160277905592572
,,0.30287623214729054
,,0.8476917127004532
,,0.3815483251423888
,,0.14576618013473763
,,0.7124408209515101
,,0.530647470105018
,,0.7151067426165282
,,0.7608409709795915
,,0.9012394633899472
,,0.47606582118578644
,,0.9869471685945824
,,0.06037065654404716
,,0.3956197636898313
,,0.9900335912140816
,,0.9385730879786726
,,0.00237245707332312
,,0.4864706154806109
,,0.87465998163316
,,0.5901881168476296
,,0.3853735101427229
,,0.9687727543061718
,,0.23366757262974946
,,0.8162361598652956
,,0.7107358109588796
,,0.2096453342887321
,,0.7504400404929291
,,0.8381764999838837
,,0.5647820625721147
,,0.30849312642144733
,,0.5463651187856479
,,0.4615699088243844
,,0.4210624135181831
,,0.09662936255656529
,,0.4563044863313619
,,0.525578158859816
,,0.5222414691573813
,,0.26493169273054096
,,0.052240201463815805
,,0.09585813648320696
,,0.4185311927838985
,,0.43702362520563465
,,0.20943772372555847
,,0.7764510564003091
,,0.5521368134095646
,,0.23309330528391836
,,0.5931701500503465
,,0.0929353457571751
,,0.08150771131509638
,,0.6784180958536147
,,0.24570007100975277
,,0.09684662918972842
,,0.8029415828183132
,,0.2657965284114131
,,0.6410889537281858
,,0.031090548522206385
,,0.17987091245617648
,,0.19064616125416056
,,0.07556983921521065
,,0.7836863727276535
,,0.7656681121192097
,,0.18644340073629184
,,0.6961094619750118
,,0.3977540937019626
,,0.626781235049077
,,0.8969118025302072
,,0.8002967086526359
,,0.7046094864047611
,,0.6193275341884874
,,0.49493099155018383
,,0.9600225340053246
,,0.9363510272976805
,,0.5988824138111316
,,0.4673348653027871
,,0.40998128854709615
,,0.22489297352542914
,,0.3650737279769546
,,0.1576462343836864
,,0.647435746825624
,,0.6992415052686985
,,0.18092612636729133
,,0.7088856687497469
,,0.8362383413412322
,,0.03254831212732556
,,0.5749688447706665
,,0.3057356256535634
,,0.510102179931902
,,0.3187399872901605
,,0.19307602331540874
,,0.9765738895066843
,,0.012791849445318193
,,0.593876393717436
,,0.10553015200363314
,,0.9031652982670233
,,0.4046585625731852
,,0.19322919824185592
,,0.5543975274277703
,,0.4257864669347766
,,0.25818405456861526
,,0.1385296542548553
,,0.25130940453173223
,,0.7203306520900031
,,0.9984241653249762
,,0.002008644672786275
,,0.02987062982414812
,,0.8883177374728085
,,0.7675575358123209
,,0.5555505523865274
,,0.646552968285038
,,0.050502489363460135
,,0.20541912105328786
,,0.5067169225935523
,,0.3931693620211857
,,0.582021282112979
,,0.8677007718264191
,,0.8835511419504786
,,0.7352090068988445
,,0.8125939095678042
,,0.6144748617914056
,,0.5449769648572483
,,0.1844056615911701
,,0.30003896176717326
,,0.4359846700423542
,,0.056874030596931746
,,0.4699396563166206
,,0.382358212228338
,,0.6283438622887454
,,0.7483426124644643
,,0.2404787044882225
,,0.7537102149447248
,,0.9580851599836193
,,0.9969058042633395
,,0.1810532590751539
,,0.9944954806343155
,,0.14004502454010037
,,0.8213384491208667
,,0.1081667910274815
,,0.6354623346819683
,,0.6267577628665869
,,0.3334291907873984
,,0.9761243831476105
,,0.32872538608813273
,,0.38370218699692904
,,0.05454287414354375
,,0.28479255106742574
,,0.2582554262033101
,,0.07905609556347604
,,0.7927956568444565
,,0.1629080549136871
,,0.24968703586524144
,,0.9445251997185999
,,0.4845949543386068
,,0.9480462615312948
,,0.06796045568619768
,,0.44878834629272424
,,0.4500324254702903
,,0.14613828785495375
,,0.08956747317877789
,,0.9508642456091789
,,0.8534209638631034
,,0.20457134432630497
,,0.4110734717660228
,,0.48967345327024114
,,0.5164076194894576
,,0.7146236556891475
,,0.8490445912779147
,,0.829337999439226
,,0.5351943420684097
,,0.9356081527044181
,,0.2960330490233689
,,0.24571827243205924
,,0.6745559028391795
,,0.5822592166007756
,,0.13029595788568227
,,0.8281189978898196
,,0.2532364216807682
,,0.19249706107289222
,,0.6356671632213543
,,0.9936139033139004
,,0.1408732915658958
,,0.6114833260559233
,,0.20018345782000424
,,0.9570882589556604
,,0.2682520811961082
,,0.6375108599731418
,,0.04746961779097292
,,0.30952724004879917
,,0.751435263840649
,,0.16360544817028588
,,0.4183287176727839
,,0.19463768526076974
,,0.45268470645994097
,,0.9122754118197035
,,0.9356085942619925
,,0.8307533185221848
,,0.22031783889915357
,,0.7246760843020194
,,0.06141204717742921
,,0.6949640441619127
,,0.23694414472551606
,,0.8305153170412184
,,0.7400972735924147
,,0.7811525249688288
,,0.0422224255933501
,,0.29826223770981164
,,0.9976312005697567
,,0.8188538813369755
,,0.9908127305520503
,,0.23824224671099115
,,0.6767148896672799
,,0.30068752047236424
,,0.8572641566489663
,,0.5739362212523982
,,0.8161171457211948
,,0.39271424166298374
,,0.36770752275416285
,,0.8809269262825588
,,0.8941485149135084
,,0.4159636611485299
,,0.92677462906259
,,0.2394997321311797
,,0.004963128771668157
,,0.944792302634477
,,0.8998535952738805
,,0.4324070703513485
,,0.9597831399595059
,,0.022040782433073725
,,0.6689727884852699
,,0.011265981476843101
,,0.9874525831940862
,,0.33552043222846295
,,0.936160239542909
,,0.20637098762816908
,,0.4064086462665564
,,0.038719620757172724
,,0.1901032272913723
,,0.261521160877222
,,0.32176483957967006
,,0.7048518454444692
,,0.5032375621858843
,,0.7792891340858439
,,0.5535996219458732
,,0.07494098066002641
,,0.1406220631845666
,,0.5868354333827349
,,0.33592694051867944
,,0.6728750624327506
,,0.29383880472317947
,,0.568656430242254
,,0.7243722254244451
,,0.6799236873372756
,,0.3040307635595565
,,0.5706973277220193
,,0.7945967474862683
,,0.33335498686064546
,,0.5250361433036056
,,0.7640161286846938
,,0.3138806753744565
,,0.1350721290812198
,,0.07201170555762904
,,0.6566294625960019
,,0.760870377258168
,,0.16050961627025195
,,0.25990436300336595
,,0.8740782718201917
,,0.4548764185996801
,,0.9741910257452593
,,0.654147704174503
,,0.0015536438229204474
,,0.5304599769057505
,,0.12852029111095575
,,0.5117872436921818
,,0.9261056616215625
,,0.9325405993316161
,,0.4252042882048318
,,0.5832348139319231
,,0.11558197914905555
,,0.18665108123045215
,,0.1776526130692785
,,0.3483852875516559
,,0.9114816430127736
,,0.12210806583417722
,,0.6088668569275186
,,0.054045583386245544
,,0.08649652251242901
,,0.5839928927236037
,,0.9297151755542544
,,0.20464982341765303
,,0.2659423347850177
,,0.3049783953047779
,,0.5058603497442208
,,0.8780162899787034
,,0.8463670594585947
,,0.8823604923004651
,,0.9103482501512324
,,0.7948134545494817
,,0.3440055625522713
,,0.5848165314567335
,,0.21941418650556588
,,0.8546151733442348
,,0.16868181777365454
,,0.35046650140070457
,,0.04723683956403024
,,0.5606044930705707
,,0.4302818723576517
,,0.7565759974932131
,,0.12887232193383547
,,0.458868180361248
,,0.4271559855076833
,,0.5385524274848011
,,0.7285629057976434
,,0.6320134510826125
,,0.3545464705637863
,,0.9442948475675618
,,0.6322786821724168
,,0.5917611939993472
,,0.6023970484854364
,,0.6744771961942713
,,0.8945143498588076
,,0.24147146891321825
,,0.28783469617147783
,,0.4674404665778037
,,0.6136870889987237
,,0.641319457807715
,,0.8708770773862177
,,0.07502308216649989
,,0.8796319698750655
,,0.7024913555509167
,,0.0031121074213237288
,,0.30842068339050743
,,0.702897544638971
,,0.5762318549465282
,,0.4628514118627175
,,0.9475289624703327
,,0.19016125818942886
,,0.7577665571610832
,,0.9055554554635133
,,0.6032790855297966
,,0.45780467606048325
,,0.6032115615378785
,,0.10733963754011655
,,0.7496383967247703
,,0.9972018674993774
,,0.5366403810184238
,,0.0852442199926482
,,0.19469542517619576
,,0.26353290113111516
,,0.09105975285656787
,,0.8420579351474283
,,0.12914948796836767
,,0.4098244468820319
,,0.9012400351299534
,,0.35364946789927065
,,0.7805414657449233
,,0.8487696419716625
,,0.9568105290982242
,,0.5934595100018187
,,0.6897543585993783
,,0.6504870066556648
,,0.57433126313478
,,0.9513488471898396
,,0.897554937847623
,,0.20286584583133094
,,0.6335580374368398
,,0.3654184929210219
,,0.3830135941636098
,,0.3436128507736458
,,0.49206107810884303
,,0.6726179001289073
,,0.7963753945825607
,,0.4753094271442294
,,0.25948185630533527
,,0.7525965171610938
,,0.9393640780627155
,,0.1191095015612601
,,0.9326648766628779
,,0.30489751480058513
,,0.6724933606267967
,,0.05907277683055767
,,0.4108067404098261
,,0.08206321957991147
,,0.31524769924393026
,,0.2720333749882141
,,0.022445192261425717
,,0.28214397081895837
,,0.356227078544086
,,0.9550162388353775
,,0.09779220402458677
,,0.9171564682447653
,,0.3107049681116927
,,0.6712506435492738
,,0.5934869751744994
,,0.9476177432172675
,,0.9708872331773764
,,0.09451155607483186
,,0.658209893020174
,,0.49706124654374007
,,0.07711240573752243
,,0.6624719254645353
,,0.6940283940662308
,,0.6338198792337797
,,0.15605525438687884
,,0.7119008679376326
,,0.7564763012588019
,,0.1902758179297852
,,0.14010376247651657
,,0.8832125177144156
,,0.09121593852565624
,,0.5821316848332272
,,0.4064899666460431
,,0.16219340680914796
,,0.14671610580493133
,,0.7752066214039
,,0.42225877741450524
,,0.173719669127132
,,0.07604290907917399
,,0.5835160692474289
,,0.9846611752148572
,,0.5021282772533043
,,0.549110113185968
,,0.1793869375304249
,,0.2774600191973433
,,0.8446099897751211
,,0.28730263027952063
,,0.10388768931778247
,,0.21517001647527223
,,0.2963668506158651
,,0.29255083132443815
,,0.2847506492606571
,,0.752038311627868
,,0.5617924441104164
,,0.682526616313597
,,0.1984498273794295
,,0.40915368287094656
,,0.7755235527609824
,,0.1241978282660432
,,0.5876666958156193
,,0.7449496399957801
,,0.19637558699142577
,,0.6394000653697766
,,0.9927545493895995
,,0.9179770588362535
,,0.95103498879114
,,0.8119055068133818
,,0.6569639413819042
,,0.033656936656483616
,,0.591553423775117
,,0.6598976519311204
,,0.9988111850169713
,,0.6550419830431576
,,0.14844868623059115
,,0.5569159740458043
,,0.5039475766513319
,,0.5326178431597576
,,0.7583256741855567
,,0.6061760514749088
,,0.7233580193663609
,,0.9021479442766512
,,0.9944424777522934
,,0.10754550907702509
,,0.34054869324127757
,,0.9897066804389242
,,0.4203397030267124
,,0.6142937020226125
,,0.5644948345284543
,,0.2034999495763984
,,0.4559855299818687
,,0.8317362243292622
,,0.9449371013917782
,,0.34932629136904736
,,0.2499521442984156
,,0.30055721619048015
,,0.7475343691333348
,,0.8077176055466024
,,0.07358173774772592
,,0.46045901611674667
,,0.9150895373208048
,,0.046180432863455745
,,0.3573124022818316
,,0.47402761259572146
,,0.34214360527455145
,,0.6401721295556246
,,0.7926887045665448
,,0.5431644316067299
,,0.25021617653735884
,,0.8404968441460442
,,0.5375581567947135
,,0.20958257918989476
,,0.5800138901722117
,,0.051691913763186825
,,0.5945120102463303
,,0.619814638573371
,,0.20659921890597865
,,0.913027376366552
,,0.31020964459915157
,,0.7750001787022346
,,0.8451359305412688
,,0.3242461700426337
,,0.39383290938881843
,,0.09223807091723601
,,0.13024427902834412
,,0.5153818609574657
,,0.17088189644469964
,,0.8733612116523429
,,0.27442129407598503
,,0.9812561389201558
,,0.031949195721408086
,,0.563244697377671
,,0.6590831062095021
,,0.2646463545152089
,,0.9807451938530105
,,0.22233906849602925
,,0.6194318229447435
,,0.38466952001205645
,,0.8219986059129879
,,0.4698442093226596
,,0.6921228875661083
,,0.7754370891028775
,,0.9710857601032002
,,0.17444207875556417
,,0.4672224149373181
,,0.9723181842010646
,,0.974325035950834
,,0.2830276614178221
,,0.23626854814364695
,,0.45994285248742306
,,0.3421510600652047
,,0.9691677346930822
,,0.3350862875182986
,,0.962591382488741
,,0.45908997428016063
,,0.23462465751592143
,,0.5640075507071437
,,0.23921309052749506
,,0.9820686452460651
,,0.8948393162284971
,,0.1899623783620823
,,0.48564334815620636
,,0.6447534476296447
,,0.30958944295920043
,,0.15510643481692188
,,0.6904611272861152
,,0.07364808478942197
,,0.11733491457754142
,,0.8981213453958532
,,0.5550526351484665
,,0.4196438567225709
,,0.9998709771322025
,,0.7416986334093884
,,0.7859840094012434
,,0.13109677857202873
,,0.05804430301068442
,,0.4928796600976102
,,0.5676078171372814
,,0.8730515755641324
,,0.42726378692414557
,,0.2765504959250088
,,0.17050719347527543
,,0.007174155120259651
,,0.8513619002627
,,0.22700742709762345
,,0.4418760290758922
,,0.2774505053732522
,,0.48373765374843525
,,0.21421093978629757
,,0.07097327688959199
,,0.5413673260470631
,,0.8972075753931196
,,0.4584131983043339
,,0.6786035699012689
,,0.7956465289154472
,,0.8258772175908822
,,0.4158690102156962
,,0.8571040831434624
,,0.39885054712379175
,,0.17191941156990764
,,0.5124939686497363
,,0.6765896280875432
,,0.37552712556425893
,,0.2878680851604608
,,0.19246662078357069
,,0.20182118605839816
,,0.8533209177720509
,,0.16487693173994478
,,0.7093739073886739
,,0.8498583998432885
,,0.16383318321018903
,,0.33475435634810413
,,0.8429220538904976
,,0.9469971280128263
,,0.6214117074021246
,,0.8894772053560979
,,0.5343018883545168
,,0.8128494416349412
,,0.6748781320420499
,,0.8842010878289784
,,0.5756175238860909
,,0.5976884856514785
,,0.4714325176325015
,,0.04592834203331431
,,0.40452354620096787
,,0.07389051458037599
,,0.6556464037606288
,,0.3478342783797215
,,0.7439530604418259
,,0.061893584964419435
,,0.13400305205263285
,,0.192965418065717
,,0.4148229022670651
,,0.2628034119472019
,,0.6078804212562572
,,0.04335043724064591
,,0.5476650836282668
,,0.6193532396551485
,,0.9243912719411633
,,0.9545506222464205
,,0.14814544834161458
,,0.8800373925231062
,,0.9069433197479032
,,0.14100167453802015
,,0.20651841935844262
,,0.6968307067612088
,,0.6361853438613331
,,0.6211919715533699
,,0.36041314754417175
,,0.34739659803867196
,,0.13938893410650044
,,0.31798897899381096
,,0.1122498702686393
,,0.6488671190726438
,,0.4167305116902005
,,0.014818853615244265
,,0.3384215101532908
,,0.8854572950659445
,,0.6500137402176286
,,0.23224778137566926
,,0.9141032519050678
,,0.576066444398354
,,0.32214024288739307
,,0.06603107741934144
,,0.8082509070306787
,,0.016856998498331
,,0.7181121465881631
,,0.7976629903670696
,,0.6713785466846192
,,0.6114416423391864
,,0.7649518806253607
,,0.8380015070438648
,,0.7206052434404736
,,0.13527238074475
,,0.9968140160705766
,,0.3810696833463638
,,0.032127443483858875
,,0.6974663365873485
,,0.605804299448727
,,0.35663187610884306
,,0.09556712087758912
,,0.5310059212917003
,,0.2222700034810038
,,0.6572678964586102
,,0.9407339500903751
,,0.9527436260888967
,,0.09108559045087083
,,0.9779859579137541
,,0.7691578553583789
,,0.18315887251095653
,,0.21398470594125296
,,0.2481358483873447
,,0.8422845453397392
,,0.3967023798523249
,,0.34678536118676506
,,0.411564509652665
,,0.26324772004567154
,,0.025002640790992126
,,0.49615060801672195
,,0.9907987322075759
,,0.9925069276255856
,,0.7750338977279216
,,0.646583017356295
,,0.6733701762911725
,,0.899422226317973
,,0.7773662978955164
,,0.17988788931605437
,,0.8701675544939561
,,0.9194600023502457
,,0.3768863698788246
,,0.1739908631276128
,,0.6468457729999023
,,0.4645684179315148
,,0.09379714312709508
,,0.7692343252706446
,,0.29252118323287735
,,0.9346764692433412
,,0.4648638747442919
,,0.07900695379681144
,,0.1950031749631982
,,0.9979554599447505
,,0.2920482248921473
,,0.1849649727457463
,,0.7455544399536143
,,0.8656162582160275
,,0.108638864551177
,,0.5576318506083627
,,0.4984749349645905
,,0.25420435622070847
,,0.4701220787797622
,,0.2741630208034641
,,0.9432655595678923
,,0.7811087463902635
,,0.6207536604327119
,,0.34279043461258496
,,0.12042314822547573
,,0.6382927377848089
,,0.05583324511203813
,,0.2744211841670966
,,0.7111776449424045
,,0.8759138343972259
,,0.9338605632964744
,,0.5600268997683733
,,0.8665343202297614
,,0.7254443013732924
,,0.5568143320486764
,,0.25677698243281777
,,0.27943648398853493
,,0.48443684194634884
,,0.09488651306529672
,,0.10984747218101054
,,0.5789469619179929
,,0.928258496387787
,,0.8525615831731513
,,0.9247293334167224
,,0.5835094864406113
,,0.13692105564035173
,,0.8568383191394151
,,0.1212568954345361
,,0.7510018400454473
,,0.9247061975380703
,,0.09075670510741396
,,0.12620011283288068
,,0.5983311744745171
,,0.39978079277200096
,,0.16911889118051127
,,0.11795710461815068
,,0.9500285063409261
,,0.8521466437944426
,,0.3074931499611754
,,0.47424005065429164
,,0.41194914443738073
,,0.9493145388031001
,,0.26280057495264775
,,0.47244118093026854
,,0.9465537812150351
,,0.6018755838224757
,,0.0056440749902223475
,,0.8388307560635467
,,0.7600513281207599
,,0.8653101338822576
,,0.1353026947297895
,,0.9614650535602701
,,0.6953107210865325
,,0.40857786783727956
,,0.9148502851858007
,,0.24584344088726184
,,0.5854626363989328
,,0.6954199441858349
,,0.42030320426049217
,,0.3341420406174225
,,0.9768541744030702
,,0.12539954627098726
,,0.7593335116802786
,,0.020726200976096232
,,0.40072473288576227
,,0.6135730300464158
,,0.3657486523070772
,,0.4306196825994614
,,0.8611123757390411
,,0.670849571724848
,,0.09741091711425653
,,0.1789462772650413
,,0.4237586046327033
,,0.18153717941810388
,,0.9834078475129138
,,0.27618799951999295
,,0.4849995815464775
,,0.7933488287928958
,,0.7026843072398888
,,0.5881569498000565
,,0.48085541005233745
,,0.1853082213551137
,,0.1955612382175116
,,0.6397944979889384
,,0.7210902955056676
,,0.33818490253584965
,,0.18798603979600947
,,0.032927008233699206
,,0.8482749146138665
,,0.19311860689994964
,,0.037296162116180476
,,0.5239137525079145
,,0.09499092552855704
,,0.47837718471649326
,,0.6124515237468261
,,0.26501355865716925
,,0.6974869864278377
,,0.6684034508023466
,,0.2855506008323221
,,0.6644437821836585
,,0.12474059640174495
,,0.356817981062172
,,0.569360105327029
,,0.7478515506739033
,,0.28663134259486145
,,0.4316682592151492
,,0.8532834786619602
,,0.20281615576341472
,,0.6130492171239313
,,0.11288684670681648
,,0.4681197203880044
,,0.353870747706006
,,0.9952866653420542
,,0.5383772410571962
,,0.7849734522783374
,,0.11865411360872857
,,0.5497596533737096
,,0.09625099124586756
,,0.8247013616165959
,,0.12546851875493792
,,0.47770036290509443
,,0.7618613575685774
,,0.4653717605911085
,,0.31493067593797275
,,0.7353736623597487
,,0.47132599935351727
,,0.5199141960434258
,,0.8228089279816849
,,0.12976380497434004
,,0.11663595406012539
,,0.9990685652017428
,,0.9846646567557653
,,0.866002892486406
,,0.5952087362199445
,,0.07513325154348338
,,0.17331298164789166
,,0.4617486113228646
,,0.6052079326574051
,,0.3592342865614363
,,0.9279978917593883
,,0.7781848789366912
,,0.18551579121109563
,,0.6448414733057981
,,0.21471407946131016
,,0.33165816652668
,,0.16578732768743498
,,0.2551168537523928
,,0.41298080669485615
,,0.6546417507050222
,,0.8685958583186092
,,0.1641681785802117
,,0.5577975128007292
,,0.8443240009680528
,,0.8641011017480229
,,0.6577423737652548
,,0.913547582339543
,,0.26509978320773164
,,0.778265496121096
,,0.4206621238699424
,,0.9553554210233614
,,0.4193496849277678
,,0.931684878525518
,,0.2706857086014516
,,0.7740294058924702
,,0.8229810251192045
,,0.7676848769018585
,,0.7554734397926375
,,0.14553299580216572
,,0.7965849829994067
,,0.08363830887096213
,,0.3333577646470858
,,0.21146096043359963
,,0.6464857766993737
,,0.6599981250186444
,,0.9816801932055673
,,0.5651043059242522
,,0.36205737967175533
,,0.2638265249812274
,,0.6967046031763275
,,0.5918828175035137
,,0.5825182940149666
,,0.07208721981033461
,,0.9027217318299671
,,0.038566932579812696
,,0.3331261596676147
,,0.5757577114855718
,,0.603653338354225
,,0.6422244170800351
,,0.022124225664461483
,,0.08205474983005812
,,0.1726493420992684
,,0.6827499685363723
,,0.33478964413212975
,,0.7014598743736676
,,0.8386429476106041
,,0.8639899918621108
,,0.5255031781204766
,,0.0404758042060569
,,0.9708902462702235
,,0.33610341645733943
,,0.3559325530901649
,,0.8949814713465138
,,0.045060432311692655
,,0.4494183127183884
,,0.04995281856210132
,,0.05319749189280021
,,0.4985339412749755
,,0.40349462043847684
,,0.27664728481790124
,,0.5731891124580623
,,0.7514247761445332
,,0.1857754183758562
,,0.9030906061155621
,,0.8859966728604799
,,0.8599822905765845
,,0.5136222463453906
,,0.7133532953682048
,,0.589879047598124
,,0.6610623291121693
,,0.43308161375057896
,,0.24100300997012092
,,0.2861543722929626
,,0.48680018194871055
,,0.4059270098713256
,,0.2232712522954836
,,0.5013094966350381
,,0.6981549590917961
,,0.44146538938936974
,,0.8974020398468071
,,0.25771810052056443
,,0.984529129398267
,,0.39175457079678877
,,0.6927960501903101
,,0.5730288100213003
,,0.7605501671741488
,,0.3904705838706315
,,0.8340734360658276
,,0.17828346008694984
,,0.30297306793872025
,,0.0053142844946968415
,,0.8197753827778596
,,0.8057834781245949
,,0.8048958293062058
,,0.6633802022160529
,,0.7696030220744883
,,0.7048189961313085
,,0.11068002477512195
,,0.3399474822784333
,,0.8879074374767169
,,0.9189544412585946
,,0.19341731085933
,,0.851035584900394
,,0.1454222140105611
,,0.7524696224851604
,,0.4003990665357262
,,0.6508610440449518
,,0.14200490479413164
,,0.4571799478924834
,,0.33668068736189993
,,0.3053545624446288
,,0.19075870275338325
,,0.4342445613651632
,,0.3195568110070799
,,0.09811590508739287
,,0.5227136931682406
,,0.22280217206863806
,,0.9314085154213704
,,0.4731243098329594
,,0.6484283670705688
,,0.811002105673461
,,0.5032666028666606
,,0.9068541702051348
,,0.1057654054089463
,,0.5354378250842465
,,0.5505205512213207
,,0.9723566395507149
,,0.0878212445751877
,,0.06714481304737696
,,0.8975540166286541
,,0.5715030984354081
,,0.4129999751507136
,,0.31748095814644806
,,0.06101734941221282
,,0.7033413369656066
,,0.8240129548881405
,,0.7418161118194598
,,0.5184144753175712
,,0.34252254295996976
,,0.5219988472438775
,,0.8123270373415913
,,0.25602580476971026
,,0.9483065096846969
,,0.04956275515728947
,,0.18495226424446032
,,0.2938634678433223
,,0.25778929770721337
,,0.22427214920041894
,,0.684349808956549
,,0.7675364987402549
,,0.033577501689242895
,,0.989427876303185
,,0.9486005433055135
,,0.9691446740249781
,,0.2356805754238146
,,0.013901530138338614
,,0.21729043521321278
,,0.516973550516586
,,0.6173047897642703
,,0.44001836107321823
,,0.4157688370323043
,,0.3146125717481407
,,0.5051869455507432
,,0.47827239738132665
,,0.540305509595323
,,0.845671990936491
,,0.1348984033304481
,,0.806134629185517
,,0.8292275470477389
,,0.7719764260281019
,,0.25272118113842423
,,0.1312740056797007
,,0.04986642045052381
,,0.7303412736411191
,,0.3287811307068771
,,0.16891405701096107
,,0.5550865507570136
,,0.7040392004077365
,,0.6125478376689683
,,0.7233196660415661
,,0.00261622569900144
,,0.5141318389836471
,,0.7987950827914356
,,0.6185552750638549
,,0.7054319067771425
,,0.8382660167325237
,,0.5319314047957773
,,0.7748511730751083
,,0.37180732487313906
,,0.1659140797875175
,,0.13853919230350908
,,0.19719353287683594
,,0.2787519110658301
,,0.768233641276888
,,0.3343828748883415
,,0.6170213771642257
,,0.5524444674232203
,,0.9871109657532053
,,0.5552134766796433
,,0.430071789661152
,,0.8017035084563204
,,0.5761698142709792
,,0.8186882894875651
,,0.8269936534095337
,,0.885944406485013
,,0.07341479189377242
,,0.2911801030786223
,,0.5166463693576114
,,0.16714876005044044
,,0.25597439718177506
,,0.16496866072672012
,,0.7513710800603565
,,0.4551003747119666
,,0.8857952207309961
,,0.028969143567702194
,,0.4616245767013374
,,0.06859209877684447
,,0.5213744315602598
,,0.28840338305302593
,,0.9332432572673504
,,0.47955734556923046
,,0.8769031914771646
,,0.23712614717343072
,,0.3929239276847394
,,0.2924222407751874
,,0.5669049428534728
,,0.11012638696363108
,,0.18357836320468135
,,0.7739591133741431
,,0.48133980464946746
,,0.9298018395816979
,,0.14686948585944704
,,0.2523087200306199
,,0.8227303756086033
,,0.9854476317163599
,,0.8491996318049692
,,0.7808410336599002
,,0.42539897956580686
,,0.07475159354763983
,,0.5847543533699785
,,0.12458292265690984
,,0.49267002246371483
,,0.05155998603849332
,,0.43814033260140084
,,0.03351037548707991
,,0.5147862345628589
,,0.188455661514893
,,0.42116460497350616
,,0.23898414581370775
,,0.7246616877954226
,,0.6076022972018384
,,0.03152448396415719
,,0.4092136625455324
,,0.18695958468695817
,,0.6099791319042459
,,0.1557547783774874
,,0.43920041223619155
,,0.5276444091362934
,,0.38772525336396557
,,0.8131480124288596
,,0.04679359455755949
,,0.9939152168820641
,,0.33859874674856183
,,0.7217533395028572
,,0.00048546010251360183
,,0.8847317135959144
,,0.6439248780217572
,,0.12391348076149544
,,0.847978315379539
,,0.293627387264492
,,0.9413155155790164
,,0.07472692685333315
,,0.719683304813979
,,0.759368135467104
,,0.6889698413103525
,,0.19506590097171317
,,0.7452510171435948
,,0.6596798244080336
,,0.6562120115192568
,,0.9874600460855839
,,0.6906020696202944
,,0.22793143110433367
,,0.5692082729743769
,,0.723891146232001
,,0.05966766103090093
,,0.6339427902964195
,,0.18044140826938682
,,0.4053452511233179
,,0.9358909273705843
,,0.7337636062965713
,,0.8308939208518856
,,0.13377366643667976
,,0.09620054213002194
,,0.09610806320131515
,,0.821159396765882
,,0.3781203901130039
,,0.08002962346293407
,,0.9666357616594626
,,0.9582989853817387
,,0.12062882461213487
,,0.6267024272535987
,,0.6778924889633628
,,0.2223879750004517
,,0.07925131900897042
,,0.03335801410771844
,,0.4609324563730949
,,0.41253845540297396
,,0.09929672148576385
,,0.02273623316956974
,,0.7401954684167963
,,0.4970935857644585
,,0.4775828679681866
,,0.5024152965386014
,,0.0556468808201781
,,0.752738618286314
,,0.9587028466359703
,,0.780824794668814
,,0.5134617490728275
,,0.37306326669902157
,,0.7372299674940364
,,0.3768151569994096
,,0.4895000949370877
,,0.3159537113879958
,,0.6767604760811201
,,0.352947798332198
,,0.7008485070370183
,,0.4434768724933925
,,0.7611533741006029
,,0.7551283613542119
,,0.9865706865822308
,,0.267965163545576
,,0.052856917060935205
,,0.2253976988321601
,,0.9632312868134135
,,0.7595442772284509
,,0.21743058123204384
,,0.9074616896664769
,,0.45446629826448437
,,0.6382984558536668
,,0.7065747586737929
,,0.6077582799959292
,,0.5574641767971297
,,0.9895726531051462
,,0.4265577116183602
,,0.44298081479479967
,,0.23045681605782442
,,0.39586701296783455
,,0.34966030813479565
,,0.613848532411001
,,0.26441142351666347
,,0.6013232734439589
,,0.9228709611061446
,,0.9690604401103681
,,0.3135806535834659
,,0.45451366838035867
,,0.18223091848205764
,,0.2678881287090472
,,0.54025135258747
,,0.48998471116019204
,,0.5733659372224624
,,0.7364213558014602
,,0.1928933587351228
,,0.39218383001905965
,,0.71077771490889
,,0.14556747166947004
,,0.734898000816322
,,0.1428447164278226
,,0.4611615259923023
,,0.923787545877575
,,0.3517485295324765
,,0.2690620050186685
,,0.1605273000677998
,,0.05410276458839214
,,0.24260813251973357
,,0.11137606550275636
,,0.5904013458902159
,,0.9686514714224628
,,0.36720990599184966
,,0.6152588746838266
,,0.30465348063178943
,,0.8705734696833278
,,0.19900749050644784
,,0.5158029767281199
,,0.35353533137869186
,,0.2119659436654886
,,0.10040333355470732
,,0.7662313074605209
,,0.1542241541821533
,,0.12880370705872102
,,0.014384344463923338
,,0.3723553774492909
,,0.3218143925779098
,,0.7080392223492308
,,0.3082899474368296
,,0.9669886205433005
,,0.7829088316168873
,,0.32555613070566447
,,0.4253018759273406
,,0.8836064789014976
,,0.1618411904415844
,,0.6299858486148944
,,0.763517770694955
,,0.8776569329281096
,,0.13449869585195207
,,0.5026247443555178
,,0.24419812414483377
,,0.5761658847620028
,,0.4853643909503934
,,0.31614206910384923
,,0.3315810655666499
,,0.3526211549437218
,,0.21502863784062654
,,0.8699407474729421
,,0.797458610080265
,,0.12357563837835184
,,0.06927418168813171
,,0.03568344305311033
,,0.4718808215144932
,,0.41176507002010765
,,0.18927255135686072
,,0.09689469542002271
,,0.7310631102943965
,,0.10690672913087673
,,0.9040083161010983
,,0.6650984176432849
,,0.6333192289791886
,,0.7760206435977217
,,0.5161424552178662
,,0.3713365601011569
,,0.20513003237574623
,,0.13429061813492538
,,0.8541996704158891
,,0.8950087862900944
,,0.0026488735287057974
,,0.9691139861074306
,,0.1780586657166624
,,0.32852805884843983
,,0.40280058594955404
,,0.05283621923924264
,,0.213909315175709
,,0.6053282832811685
,,0.39629594656160183
,,0.548908546658608
,,0.13572503782995016
,,0.9059000080839072
,,0.9304333658882932
,,0.22869642324581896
,,0.2791398185595729
,,0.28538996617454115
,,0.571954637895783
,,0.4387686504895598
,,0.7250482062867155
,,0.6892568768372638
,,0.20018208855819042
,,0.3046437395921082
,,0.44927489988686586
,,0.6543103255220309
,,0.10032642481622067
,,0.6205422132673447
,,0.5122292813965836
,,0.22229253636734314
,,0.8450217753710725
,,0.3048362553838626
,,0.08098418919502881
,,0.40471915313887763
,,0.36068541769935136
,,0.155625922222543
,,0.5400317138373307
,,0.9338032043228389
,,0.6057286525993798
,,0.10679379188116345
,,0.7991817677603387
,,0.052101567321957476
,,0.3783677700767113
,,0.3538316600125997
,,0.020428081476250193
,,0.7665654134547675
,,0.8540664115447532
,,0.5199425600764107
,,0.90603941583292
,,0.8598028116836199
,,0.8257912726069746
,,0.34429490534351004
,,0.10278016909508136
,,0.03347947661602191
,,0.9268739178369644
,,0.561297432718439
,,0.8851025903355335
,,0.4696374078533003
,,0.3670490955507837
,,0.23393903365509272
,,0.8343095906273491
,,0.6547633433767825
,,0.7836608242056045
,,0.2915049545131444
,,0.39560927005555657
,,0.4789273625986783
,,0.6265353577607453
,,0.8939304793555859
,,0.83770332666415
,,0.18080352706491543
,,0.08076242684169765
,,0.5581864462099484
,,0.7570409146660539
,,0.17293110456780192
,,0.5663767149202567
,,0.002078073136675962
,,0.6859856496020987
,,0.38237672142951284
,,0.4165807160328975
,,0.5351236979580125
,,0.41228457827548004
,,0.8051381486802297
,,0.610562063838865
,,0.884617717485397
,,0.5571746638630592
,,0.1479813056303395
,,0.11066591347405408
,,0.591328675463979
,,0.078080018010665
,,0.12439490839746792
,,0.5017539511888678
,,0.6810057408314886
,,0.6052416151517862
,,0.6063745982164448
,,0.070134497023708
,,0.7393430850776479
,,0.3955700814837996
,,0.9482868181377958
,,0.7639183789406757
,,0.4078691827561153
,,0.029473670264481666
,,0.7664092160565833
,,0.04027599018432171
,,0.896240178846652
,,0.4442916192836517
,,0.34408736060906575
,,0.5173664120811099
,,0.5022586103068095
,,0.3703177900355825
,,0.4084316160820154
